0 1
0 2
0 3
0 4
0 5
0 6
0 7
0 8
0 9
0 10
0 11
0 12
0 13
0 14
0 15
0 16
0 17
0 18
0 20
0 21
0 22
0 23
0 24
0 25
0 26
0 29
0 30
0 31
0 34
0 36
0 38
0 39
0 40
0 46
0 47
0 48
0 52
0 54
0 56
0 61
0 62
0 63
0 66
0 69
0 71
0 72
0 75
0 78
0 82
0 83
0 95
0 106
1 0
1 2
1 3
1 4
1 5
1 6
1 7
1 8
1 9
1 10
1 11
1 13
1 17
1 18
1 19
1 20
1 22
1 24
1 25
1 28
1 30
1 32
1 33
1 45
1 50
1 55
1 57
1 63
1 64
1 74
1 93
2 0
2 1
2 4
2 5
2 6
2 7
2 8
2 11
2 12
2 14
2 15
2 16
2 18
2 19
2 23
2 24
2 26
2 31
2 32
2 34
2 45
2 49
2 50
2 53
2 70
2 99
2 105
3 0
3 1
3 4
3 5
3 6
3 7
3 8
3 11
3 14
3 17
3 19
3 22
3 25
3 29
3 30
3 37
3 43
3 44
3 46
3 49
3 54
3 57
3 58
3 65
3 71
3 77
3 89
4 0
4 1
4 2
4 3
4 5
4 6
4 7
4 10
4 11
4 14
4 15
4 18
4 22
4 24
4 25
4 33
4 34
4 39
4 41
4 42
4 44
4 46
4 56
4 59
4 60
5 0
5 1
5 2
5 3
5 4
5 6
5 8
5 10
5 11
5 12
5 13
5 14
5 15
5 21
5 24
5 25
5 27
5 30
5 31
5 35
5 36
5 47
5 56
5 69
5 103
6 0
6 1
6 2
6 3
6 4
6 5
6 7
6 8
6 12
6 13
6 15
6 16
6 17
6 24
6 30
6 34
6 35
6 36
6 47
6 51
6 62
6 74
6 76
6 78
6 92
7 0
7 1
7 2
7 3
7 4
7 6
7 8
7 9
7 12
7 14
7 19
7 20
7 25
7 27
7 32
7 34
7 38
7 41
7 42
7 48
7 49
7 50
7 54
7 91
8 0
8 1
8 2
8 3
8 5
8 6
8 7
8 10
8 11
8 27
8 29
8 33
8 39
8 40
8 90
8 96
9 0
9 1
9 7
9 13
9 14
9 19
9 21
9 24
9 29
9 30
9 34
9 38
9 61
9 73
9 79
10 0
10 1
10 4
10 5
10 8
10 12
10 14
10 16
10 30
10 32
10 42
10 51
10 58
10 94
10 98
11 0
11 1
11 2
11 3
11 4
11 5
11 8
11 12
11 15
11 20
11 22
11 26
11 29
11 31
11 42
12 0
12 2
12 5
12 6
12 7
12 10
12 11
12 19
12 22
12 28
12 33
12 49
12 59
12 67
13 0
13 1
13 5
13 6
13 9
13 17
13 18
13 21
13 25
13 31
13 33
13 72
13 75
14 0
14 2
14 3
14 4
14 5
14 7
14 9
14 10
14 20
14 26
14 39
14 54
14 64
15 0
15 2
15 4
15 5
15 6
15 11
15 16
15 23
15 33
15 36
15 37
15 43
16 0
16 2
16 6
16 10
16 15
16 17
16 18
16 20
16 26
16 28
16 55
16 58
17 0
17 1
17 3
17 6
17 13
17 16
17 19
17 21
17 23
17 26
17 56
18 0
18 1
18 2
18 4
18 13
18 16
18 28
18 47
18 51
18 53
18 80
19 1
19 2
19 3
19 7
19 9
19 12
19 17
19 22
19 37
19 107
20 0
20 1
20 7
20 11
20 14
20 16
20 23
20 29
20 35
20 44
21 0
21 5
21 9
21 13
21 17
21 28
21 35
21 38
21 43
21 77
22 0
22 1
22 3
22 4
22 11
22 12
22 19
22 24
22 33
22 39
23 0
23 2
23 15
23 17
23 20
23 29
23 31
23 42
23 85
23 97
24 0
24 1
24 2
24 4
24 5
24 6
24 9
24 22
24 104
25 0
25 1
25 3
25 4
25 5
25 7
25 13
25 31
25 53
26 0
26 2
26 11
26 14
26 16
26 17
26 32
26 36
26 60
27 5
27 7
27 8
27 28
27 30
27 36
27 38
27 40
28 1
28 12
28 16
28 18
28 21
28 27
28 48
28 87
29 0
29 3
29 8
29 9
29 11
29 20
29 23
29 48
30 0
30 1
30 3
30 5
30 6
30 9
30 10
30 27
31 0
31 2
31 5
31 11
31 13
31 23
31 25
31 101
32 1
32 2
32 7
32 10
32 26
32 45
32 68
33 1
33 4
33 8
33 12
33 13
33 15
33 22
34 0
34 2
34 4
34 6
34 7
34 9
34 57
35 5
35 6
35 20
35 21
35 44
35 60
36 0
36 5
36 6
36 15
36 26
36 27
37 3
37 15
37 19
37 43
37 62
37 70
38 0
38 7
38 9
38 21
38 27
38 58
39 0
39 4
39 8
39 14
39 22
40 0
40 8
40 27
40 41
40 46
41 4
41 7
41 40
41 59
41 81
42 4
42 7
42 10
42 11
42 23
43 3
43 15
43 21
43 37
43 68
44 3
44 4
44 20
44 35
44 86
45 1
45 2
45 32
45 63
45 65
46 0
46 3
46 4
46 40
47 0
47 5
47 6
47 18
48 0
48 7
48 28
48 29
49 2
49 3
49 7
49 12
50 1
50 2
50 7
50 52
51 6
51 10
51 18
51 52
52 0
52 50
52 51
52 88
53 2
53 18
53 25
53 66
54 0
54 3
54 7
54 14
55 1
55 16
55 76
55 100
56 0
56 4
56 5
56 17
57 1
57 3
57 34
57 73
58 3
58 10
58 16
58 38
59 4
59 12
59 41
60 4
60 26
60 35
61 0
61 9
61 65
62 0
62 6
62 37
63 0
63 1
63 45
64 1
64 14
64 84
65 3
65 45
65 61
66 0
66 53
67 12
67 102
68 32
68 43
69 0
69 5
70 2
70 37
71 0
71 3
72 0
72 13
73 9
73 57
74 1
74 6
75 0
75 13
76 6
76 55
77 3
77 21
78 0
78 6
79 9
80 18
81 41
82 0
83 0
84 64
85 23
86 44
87 28
88 52
89 3
90 8
91 7
92 6
93 1
94 10
95 0
96 8
97 23
98 10
99 2
100 55
101 31
102 67
103 5
104 24
105 2
106 0
107 19
