0 1
0 2
0 3
0 4
0 5
0 6
0 7
0 8
0 9
0 10
0 11
0 12
0 13
0 14
0 15
0 16
0 17
0 18
0 19
0 20
0 21
0 22
0 23
0 24
0 25
0 26
0 27
0 28
0 29
0 30
0 31
0 32
0 33
0 34
0 35
0 36
0 37
0 38
0 39
0 40
0 41
0 42
0 43
0 44
0 45
0 46
0 47
0 48
0 49
0 50
0 51
0 52
0 53
0 54
0 55
0 56
0 57
0 58
0 59
0 61
0 62
0 63
0 64
0 65
0 66
0 67
0 68
0 69
0 70
0 71
0 73
0 74
0 75
0 76
0 77
0 78
0 79
0 80
0 81
0 82
0 83
0 84
0 85
0 86
0 87
0 88
0 89
0 90
0 91
0 92
0 93
0 94
0 95
0 96
0 97
0 98
0 100
0 101
0 102
0 103
0 104
0 105
0 106
0 107
0 108
0 109
0 110
0 111
0 112
0 113
0 115
0 116
0 117
0 118
0 119
0 120
0 121
0 122
0 123
0 125
0 126
0 127
0 128
0 129
0 130
0 131
0 132
0 133
0 134
0 136
0 137
0 138
0 139
0 140
0 141
0 142
0 143
0 144
0 146
0 147
0 148
0 149
0 150
0 151
0 153
0 154
0 155
0 156
0 157
0 158
0 161
0 162
0 163
0 164
0 165
0 166
0 168
0 169
0 170
0 171
0 174
0 176
0 177
0 178
0 179
0 180
0 181
0 183
0 185
0 186
0 187
0 188
0 189
0 192
0 193
0 194
0 195
0 198
0 199
0 200
0 201
0 203
0 204
0 205
0 207
0 208
0 209
0 210
0 211
0 212
0 216
0 217
0 218
0 219
0 220
0 221
0 223
0 224
0 225
0 227
0 228
0 229
0 235
0 236
0 237
0 243
0 244
0 246
0 247
0 253
0 254
0 255
0 257
0 258
0 260
0 262
0 263
0 264
0 265
0 266
0 267
0 271
0 274
0 275
0 276
0 277
0 279
0 280
0 284
0 286
0 287
0 290
0 294
0 295
0 296
0 302
0 308
0 309
0 310
0 311
0 312
0 313
0 314
0 315
0 316
0 317
0 319
0 322
0 323
0 324
0 325
0 326
0 327
0 331
0 332
0 337
0 338
0 340
0 342
0 344
0 348
0 349
0 350
0 354
0 355
0 358
0 364
0 365
0 367
0 373
0 375
0 377
0 380
0 382
0 384
0 387
0 392
0 393
0 394
0 397
0 399
0 400
0 406
0 410
0 411
0 413
0 414
0 422
0 423
0 424
0 429
0 435
0 437
0 438
0 439
0 441
0 461
0 462
0 463
0 470
0 476
0 478
0 479
0 480
0 482
0 484
0 485
0 488
0 494
0 499
0 502
0 508
0 514
0 515
0 519
0 523
0 532
0 538
0 539
0 540
0 541
0 542
0 550
0 552
0 553
0 554
0 564
0 565
0 569
0 583
0 588
0 603
0 610
0 614
0 623
0 631
0 646
0 648
0 651
0 653
0 660
0 673
0 680
0 696
0 706
0 743
0 744
0 769
0 789
0 799
1 0
1 2
1 3
1 4
1 5
1 6
1 7
1 8
1 9
1 10
1 11
1 12
1 13
1 14
1 15
1 16
1 17
1 18
1 19
1 20
1 21
1 22
1 23
1 25
1 27
1 28
1 30
1 31
1 32
1 33
1 34
1 35
1 36
1 37
1 38
1 39
1 40
1 42
1 43
1 44
1 45
1 46
1 47
1 48
1 49
1 50
1 51
1 52
1 53
1 55
1 57
1 58
1 60
1 61
1 62
1 64
1 66
1 67
1 68
1 69
1 74
1 76
1 78
1 79
1 80
1 81
1 84
1 88
1 89
1 91
1 93
1 94
1 95
1 97
1 98
1 100
1 102
1 103
1 104
1 105
1 106
1 112
1 119
1 121
1 122
1 126
1 128
1 130
1 131
1 132
1 133
1 138
1 142
1 144
1 145
1 146
1 149
1 153
1 154
1 155
1 156
1 158
1 159
1 161
1 162
1 163
1 165
1 168
1 170
1 173
1 177
1 183
1 189
1 192
1 200
1 202
1 209
1 213
1 214
1 215
1 216
1 222
1 224
1 227
1 229
1 230
1 231
1 234
1 237
1 238
1 239
1 240
1 242
1 243
1 250
1 255
1 260
1 269
1 270
1 278
1 279
1 282
1 285
1 286
1 297
1 299
1 302
1 303
1 307
1 308
1 311
1 314
1 324
1 328
1 332
1 338
1 343
1 346
1 355
1 360
1 372
1 377
1 390
1 410
1 423
1 430
1 432
1 444
1 455
1 458
1 483
1 499
1 524
1 533
1 569
1 573
1 609
1 610
1 634
1 652
1 669
2 0
2 1
2 3
2 4
2 5
2 6
2 7
2 8
2 9
2 10
2 11
2 12
2 13
2 14
2 15
2 16
2 17
2 19
2 20
2 21
2 23
2 24
2 25
2 26
2 27
2 28
2 29
2 31
2 32
2 33
2 34
2 35
2 36
2 37
2 38
2 39
2 40
2 41
2 42
2 43
2 44
2 45
2 46
2 47
2 48
2 50
2 51
2 53
2 54
2 55
2 57
2 59
2 61
2 62
2 64
2 66
2 67
2 69
2 73
2 74
2 75
2 76
2 77
2 78
2 80
2 82
2 83
2 86
2 87
2 89
2 90
2 96
2 99
2 104
2 105
2 108
2 109
2 112
2 118
2 120
2 122
2 123
2 124
2 125
2 127
2 128
2 130
2 131
2 136
2 139
2 141
2 142
2 143
2 144
2 145
2 146
2 147
2 148
2 149
2 150
2 151
2 155
2 156
2 158
2 160
2 163
2 182
2 183
2 184
2 189
2 192
2 200
2 203
2 204
2 207
2 209
2 213
2 216
2 222
2 223
2 226
2 230
2 233
2 242
2 243
2 247
2 252
2 261
2 270
2 272
2 273
2 276
2 287
2 290
2 293
2 307
2 308
2 309
2 310
2 313
2 314
2 315
2 320
2 328
2 329
2 331
2 336
2 342
2 344
2 349
2 360
2 368
2 370
2 372
2 397
2 402
2 418
2 419
2 425
2 431
2 436
2 455
2 456
2 478
2 489
2 513
2 514
2 519
2 540
2 543
2 563
2 581
2 625
2 632
2 656
2 707
2 730
2 748
3 0
3 1
3 2
3 4
3 5
3 6
3 7
3 8
3 9
3 10
3 11
3 13
3 14
3 15
3 16
3 17
3 18
3 19
3 21
3 22
3 23
3 24
3 25
3 26
3 27
3 28
3 29
3 30
3 31
3 32
3 33
3 34
3 36
3 37
3 38
3 39
3 41
3 42
3 43
3 44
3 46
3 47
3 48
3 49
3 51
3 53
3 54
3 55
3 57
3 59
3 60
3 61
3 64
3 65
3 66
3 68
3 69
3 70
3 75
3 76
3 77
3 78
3 79
3 80
3 81
3 88
3 90
3 95
3 99
3 101
3 103
3 104
3 105
3 107
3 111
3 112
3 115
3 116
3 120
3 121
3 124
3 126
3 128
3 131
3 132
3 134
3 135
3 136
3 137
3 138
3 140
3 142
3 143
3 144
3 145
3 148
3 149
3 151
3 153
3 154
3 156
3 157
3 161
3 163
3 164
3 166
3 167
3 172
3 174
3 178
3 181
3 182
3 186
3 187
3 189
3 190
3 193
3 197
3 199
3 204
3 208
3 213
3 220
3 226
3 227
3 228
3 238
3 246
3 248
3 249
3 253
3 257
3 259
3 261
3 264
3 272
3 273
3 274
3 275
3 278
3 283
3 286
3 298
3 301
3 305
3 306
3 309
3 316
3 320
3 328
3 329
3 337
3 339
3 367
3 371
3 373
3 388
3 390
3 413
3 414
3 420
3 425
3 434
3 445
3 447
3 460
3 465
3 470
3 485
3 489
3 490
3 495
3 549
3 559
3 646
3 663
4 0
4 1
4 2
4 3
4 5
4 6
4 7
4 8
4 9
4 10
4 11
4 12
4 13
4 14
4 15
4 16
4 17
4 18
4 19
4 20
4 21
4 22
4 23
4 24
4 25
4 26
4 27
4 28
4 29
4 30
4 31
4 32
4 33
4 34
4 35
4 36
4 37
4 38
4 39
4 40
4 41
4 42
4 43
4 45
4 47
4 48
4 49
4 52
4 53
4 54
4 55
4 56
4 58
4 59
4 60
4 61
4 64
4 65
4 66
4 67
4 68
4 69
4 70
4 71
4 73
4 74
4 75
4 77
4 78
4 82
4 87
4 90
4 92
4 99
4 100
4 101
4 102
4 105
4 108
4 110
4 111
4 116
4 117
4 118
4 124
4 127
4 128
4 132
4 134
4 135
4 136
4 138
4 139
4 140
4 142
4 144
4 145
4 146
4 147
4 149
4 152
4 153
4 154
4 158
4 159
4 160
4 161
4 162
4 163
4 168
4 175
4 184
4 187
4 193
4 194
4 197
4 202
4 211
4 212
4 213
4 218
4 223
4 226
4 228
4 229
4 231
4 233
4 235
4 236
4 237
4 239
4 246
4 267
4 268
4 269
4 271
4 272
4 280
4 283
4 302
4 308
4 311
4 312
4 320
4 322
4 323
4 328
4 329
4 330
4 348
4 357
4 375
4 389
4 399
4 421
4 426
4 431
4 436
4 461
4 470
4 472
4 495
4 498
4 501
4 511
4 548
4 550
4 586
4 599
4 618
4 630
4 695
4 723
4 772
5 0
5 1
5 2
5 3
5 4
5 6
5 7
5 8
5 9
5 10
5 11
5 12
5 13
5 14
5 15
5 16
5 18
5 19
5 20
5 21
5 22
5 23
5 26
5 27
5 28
5 29
5 30
5 32
5 33
5 34
5 35
5 36
5 37
5 38
5 39
5 40
5 41
5 42
5 43
5 44
5 45
5 48
5 49
5 50
5 51
5 52
5 53
5 54
5 55
5 56
5 58
5 60
5 63
5 65
5 67
5 68
5 71
5 73
5 75
5 76
5 77
5 83
5 85
5 86
5 87
5 90
5 94
5 96
5 97
5 98
5 99
5 100
5 101
5 102
5 103
5 105
5 108
5 109
5 115
5 118
5 122
5 123
5 125
5 126
5 127
5 131
5 132
5 133
5 134
5 139
5 143
5 144
5 145
5 146
5 147
5 149
5 151
5 157
5 159
5 160
5 161
5 163
5 166
5 167
5 172
5 174
5 181
5 182
5 183
5 184
5 185
5 187
5 188
5 189
5 200
5 202
5 207
5 208
5 220
5 221
5 224
5 225
5 237
5 238
5 244
5 251
5 255
5 261
5 263
5 265
5 266
5 268
5 269
5 271
5 278
5 282
5 303
5 308
5 315
5 318
5 323
5 334
5 345
5 347
5 354
5 356
5 374
5 375
5 384
5 390
5 415
5 428
5 437
5 451
5 469
5 475
5 501
5 515
5 521
5 522
5 530
5 587
5 606
5 627
5 630
5 656
5 665
5 679
5 737
5 805
6 0
6 1
6 2
6 3
6 4
6 5
6 7
6 8
6 9
6 10
6 11
6 12
6 13
6 14
6 15
6 16
6 17
6 18
6 19
6 20
6 21
6 22
6 23
6 25
6 26
6 28
6 29
6 30
6 31
6 32
6 33
6 35
6 36
6 37
6 39
6 40
6 41
6 42
6 43
6 44
6 45
6 46
6 47
6 49
6 50
6 51
6 52
6 53
6 54
6 55
6 56
6 57
6 58
6 59
6 60
6 62
6 64
6 65
6 68
6 73
6 74
6 76
6 77
6 78
6 80
6 83
6 84
6 86
6 87
6 90
6 91
6 94
6 97
6 98
6 99
6 103
6 104
6 105
6 106
6 107
6 108
6 110
6 116
6 117
6 118
6 119
6 121
6 123
6 124
6 125
6 126
6 127
6 130
6 132
6 134
6 137
6 138
6 140
6 143
6 147
6 148
6 149
6 150
6 151
6 152
6 154
6 155
6 158
6 159
6 161
6 162
6 163
6 165
6 170
6 173
6 175
6 181
6 190
6 194
6 206
6 207
6 209
6 218
6 232
6 240
6 248
6 255
6 257
6 260
6 265
6 271
6 282
6 288
6 294
6 295
6 302
6 314
6 322
6 336
6 337
6 342
6 352
6 357
6 373
6 380
6 391
6 396
6 406
6 407
6 428
6 429
6 433
6 437
6 450
6 463
6 485
6 500
6 537
6 545
6 546
6 558
6 560
6 563
6 568
6 588
6 598
6 600
6 654
6 711
6 764
7 0
7 1
7 2
7 3
7 4
7 5
7 6
7 8
7 9
7 10
7 11
7 12
7 13
7 14
7 15
7 16
7 17
7 18
7 19
7 20
7 21
7 23
7 24
7 25
7 26
7 27
7 28
7 29
7 30
7 31
7 32
7 33
7 34
7 35
7 37
7 38
7 39
7 40
7 41
7 42
7 43
7 44
7 45
7 46
7 47
7 49
7 50
7 52
7 53
7 54
7 55
7 58
7 59
7 60
7 66
7 67
7 68
7 70
7 71
7 74
7 75
7 76
7 77
7 79
7 81
7 82
7 83
7 87
7 94
7 95
7 97
7 98
7 100
7 101
7 102
7 103
7 105
7 106
7 108
7 109
7 110
7 113
7 118
7 126
7 127
7 130
7 134
7 137
7 138
7 139
7 140
7 141
7 142
7 143
7 147
7 149
7 153
7 155
7 156
7 157
7 160
7 162
7 164
7 165
7 166
7 170
7 173
7 176
7 180
7 185
7 189
7 190
7 192
7 203
7 204
7 205
7 207
7 210
7 219
7 229
7 230
7 232
7 234
7 238
7 250
7 254
7 255
7 258
7 259
7 265
7 280
7 291
7 299
7 311
7 316
7 317
7 318
7 319
7 321
7 324
7 327
7 331
7 335
7 337
7 352
7 357
7 365
7 368
7 371
7 381
7 383
7 405
7 408
7 413
7 440
7 441
7 458
7 459
7 489
7 493
7 507
7 512
7 530
7 534
7 539
7 563
7 649
8 0
8 1
8 2
8 3
8 4
8 5
8 6
8 7
8 9
8 10
8 11
8 12
8 13
8 14
8 15
8 17
8 18
8 19
8 20
8 21
8 22
8 23
8 24
8 25
8 26
8 27
8 28
8 29
8 30
8 31
8 32
8 33
8 35
8 36
8 37
8 38
8 39
8 40
8 41
8 42
8 43
8 44
8 46
8 50
8 51
8 52
8 53
8 54
8 56
8 58
8 61
8 64
8 65
8 67
8 69
8 70
8 71
8 72
8 76
8 77
8 80
8 81
8 82
8 84
8 85
8 86
8 88
8 89
8 90
8 94
8 95
8 96
8 97
8 98
8 99
8 101
8 105
8 106
8 109
8 110
8 111
8 113
8 115
8 116
8 118
8 124
8 128
8 129
8 131
8 133
8 134
8 136
8 138
8 142
8 144
8 148
8 150
8 153
8 157
8 162
8 165
8 167
8 168
8 172
8 174
8 187
8 189
8 194
8 197
8 201
8 203
8 214
8 219
8 220
8 225
8 236
8 237
8 243
8 246
8 256
8 257
8 264
8 276
8 281
8 283
8 291
8 292
8 294
8 295
8 307
8 310
8 316
8 330
8 339
8 340
8 342
8 345
8 350
8 352
8 357
8 361
8 366
8 374
8 386
8 387
8 393
8 411
8 413
8 425
8 433
8 434
8 447
8 455
8 464
8 480
8 487
8 500
8 504
8 520
8 521
8 586
8 595
8 641
8 675
8 765
9 0
9 1
9 2
9 3
9 4
9 5
9 6
9 7
9 8
9 10
9 11
9 12
9 13
9 14
9 15
9 16
9 17
9 18
9 19
9 20
9 21
9 22
9 23
9 24
9 25
9 26
9 27
9 28
9 31
9 32
9 33
9 34
9 35
9 36
9 37
9 38
9 39
9 40
9 44
9 45
9 46
9 47
9 48
9 49
9 50
9 51
9 52
9 53
9 54
9 55
9 56
9 61
9 62
9 63
9 66
9 68
9 72
9 74
9 78
9 86
9 88
9 95
9 99
9 101
9 105
9 106
9 107
9 109
9 110
9 112
9 113
9 114
9 115
9 118
9 121
9 122
9 124
9 126
9 127
9 128
9 129
9 130
9 131
9 135
9 140
9 142
9 144
9 147
9 149
9 151
9 152
9 153
9 161
9 162
9 163
9 169
9 173
9 174
9 176
9 179
9 180
9 184
9 188
9 189
9 191
9 204
9 208
9 213
9 221
9 225
9 227
9 231
9 234
9 237
9 241
9 244
9 247
9 249
9 254
9 258
9 260
9 262
9 269
9 270
9 286
9 288
9 307
9 312
9 314
9 318
9 319
9 322
9 324
9 330
9 338
9 342
9 355
9 358
9 361
9 365
9 375
9 383
9 388
9 403
9 412
9 414
9 446
9 449
9 471
9 473
9 494
9 496
9 508
9 518
9 559
9 589
9 609
9 690
9 702
9 712
9 753
9 770
9 807
10 0
10 1
10 2
10 3
10 4
10 5
10 6
10 7
10 8
10 9
10 11
10 12
10 13
10 14
10 15
10 16
10 17
10 18
10 19
10 20
10 21
10 22
10 23
10 24
10 25
10 26
10 27
10 28
10 29
10 30
10 31
10 33
10 34
10 35
10 36
10 37
10 38
10 39
10 41
10 42
10 43
10 44
10 45
10 47
10 48
10 49
10 50
10 51
10 52
10 53
10 54
10 55
10 57
10 59
10 60
10 62
10 64
10 66
10 68
10 69
10 70
10 71
10 73
10 76
10 79
10 82
10 83
10 84
10 90
10 92
10 97
10 101
10 104
10 106
10 109
10 113
10 114
10 115
10 118
10 119
10 124
10 127
10 128
10 131
10 134
10 139
10 143
10 144
10 145
10 154
10 156
10 157
10 162
10 163
10 164
10 165
10 167
10 172
10 178
10 182
10 183
10 186
10 189
10 196
10 197
10 198
10 211
10 214
10 217
10 225
10 230
10 240
10 250
10 251
10 255
10 257
10 265
10 266
10 279
10 280
10 296
10 299
10 301
10 326
10 348
10 355
10 360
10 365
10 378
10 386
10 398
10 401
10 409
10 421
10 423
10 427
10 447
10 449
10 451
10 452
10 456
10 478
10 479
10 490
10 491
10 494
10 506
10 509
10 525
10 532
10 558
10 585
10 601
10 605
10 611
10 642
10 645
10 693
10 733
10 776
11 0
11 1
11 2
11 3
11 4
11 5
11 6
11 7
11 8
11 9
11 10
11 12
11 13
11 15
11 16
11 17
11 18
11 19
11 20
11 22
11 23
11 24
11 25
11 30
11 31
11 33
11 34
11 36
11 37
11 42
11 43
11 45
11 46
11 47
11 53
11 54
11 58
11 60
11 61
11 63
11 64
11 67
11 81
11 85
11 91
11 94
11 97
11 99
11 100
11 103
11 106
11 109
11 116
11 119
11 121
11 125
11 130
11 139
11 152
11 166
11 167
11 179
11 191
11 206
11 222
11 223
11 224
11 230
11 256
11 259
11 267
11 268
11 277
11 285
11 290
11 297
11 298
11 299
11 309
11 310
11 311
11 363
11 381
11 382
11 421
11 432
11 464
11 516
11 538
11 556
11 606
11 621
11 661
11 692
12 0
12 1
12 2
12 4
12 5
12 6
12 7
12 8
12 9
12 10
12 11
12 13
12 14
12 15
12 16
12 17
12 19
12 20
12 21
12 23
12 24
12 27
12 28
12 29
12 32
12 33
12 34
12 36
12 37
12 38
12 40
12 43
12 44
12 46
12 50
12 51
12 52
12 54
12 56
12 57
12 58
12 59
12 61
12 64
12 68
12 70
12 71
12 72
12 78
12 81
12 84
12 86
12 87
12 90
12 98
12 113
12 117
12 122
12 128
12 138
12 143
12 144
12 148
12 152
12 155
12 156
12 157
12 158
12 165
12 168
12 169
12 175
12 183
12 186
12 190
12 191
12 209
12 213
12 220
12 243
12 257
12 259
12 301
12 375
12 386
12 387
12 394
12 411
12 426
12 435
12 459
12 575
12 613
13 0
13 1
13 2
13 3
13 4
13 5
13 6
13 7
13 8
13 9
13 10
13 11
13 12
13 14
13 16
13 18
13 20
13 25
13 26
13 27
13 30
13 31
13 33
13 35
13 36
13 39
13 40
13 43
13 45
13 46
13 48
13 49
13 50
13 51
13 52
13 53
13 54
13 56
13 57
13 63
13 69
13 75
13 84
13 85
13 88
13 93
13 97
13 99
13 101
13 111
13 113
13 119
13 120
13 122
13 123
13 135
13 138
13 142
13 146
13 158
13 159
13 163
13 166
13 170
13 178
13 179
13 195
13 201
13 206
13 213
13 233
13 238
13 241
13 246
13 249
13 251
13 257
13 282
13 293
13 309
13 327
13 329
13 345
13 382
13 413
13 422
13 440
13 451
13 483
13 794
13 800
14 0
14 1
14 2
14 3
14 4
14 5
14 6
14 7
14 8
14 9
14 10
14 12
14 13
14 16
14 17
14 18
14 19
14 23
14 24
14 27
14 28
14 30
14 31
14 32
14 33
14 36
14 37
14 41
14 42
14 43
14 44
14 45
14 50
14 52
14 53
14 54
14 57
14 60
14 63
14 66
14 68
14 72
14 80
14 82
14 83
14 85
14 94
14 97
14 104
14 120
14 125
14 128
14 129
14 132
14 133
14 142
14 145
14 147
14 149
14 159
14 168
14 173
14 178
14 180
14 198
14 202
14 228
14 246
14 250
14 261
14 266
14 289
14 291
14 317
14 369
14 370
14 392
14 402
14 440
14 505
14 508
14 528
14 570
14 595
14 617
14 760
15 0
15 1
15 2
15 3
15 4
15 5
15 6
15 7
15 8
15 9
15 10
15 11
15 12
15 16
15 17
15 18
15 21
15 22
15 24
15 25
15 28
15 29
15 30
15 34
15 36
15 38
15 40
15 41
15 42
15 45
15 47
15 49
15 50
15 53
15 61
15 62
15 63
15 65
15 67
15 70
15 77
15 80
15 85
15 102
15 104
15 106
15 119
15 123
15 127
15 136
15 138
15 140
15 150
15 152
15 155
15 157
15 159
15 160
15 164
15 176
15 178
15 182
15 193
15 201
15 208
15 210
15 211
15 215
15 230
15 231
15 234
15 236
15 264
15 268
15 274
15 335
15 349
15 350
15 409
15 423
15 443
15 519
15 531
15 655
15 662
16 0
16 1
16 2
16 3
16 4
16 5
16 6
16 7
16 9
16 10
16 11
16 12
16 13
16 14
16 15
16 18
16 20
16 22
16 25
16 26
16 27
16 28
16 29
16 31
16 32
16 34
16 36
16 38
16 39
16 40
16 42
16 43
16 44
16 45
16 46
16 47
16 49
16 53
16 54
16 55
16 60
16 61
16 63
16 65
16 69
16 72
16 80
16 81
16 87
16 93
16 94
16 97
16 100
16 103
16 113
16 115
16 118
16 125
16 134
16 144
16 150
16 151
16 166
16 184
16 190
16 192
16 214
16 222
16 235
16 249
16 252
16 256
16 271
16 275
16 281
16 290
16 303
16 322
16 333
16 335
16 340
16 402
16 426
16 546
16 560
17 0
17 1
17 2
17 3
17 4
17 6
17 7
17 8
17 9
17 10
17 11
17 12
17 14
17 15
17 18
17 19
17 20
17 25
17 26
17 27
17 30
17 32
17 33
17 36
17 37
17 38
17 39
17 40
17 43
17 44
17 45
17 46
17 47
17 48
17 49
17 50
17 51
17 53
17 54
17 55
17 60
17 68
17 78
17 79
17 81
17 84
17 85
17 99
17 109
17 114
17 115
17 117
17 129
17 135
17 137
17 141
17 145
17 151
17 155
17 159
17 167
17 170
17 186
17 194
17 198
17 200
17 214
17 217
17 235
17 241
17 242
17 246
17 261
17 277
17 287
17 291
17 348
17 385
17 416
17 503
17 554
17 663
17 751
17 785
17 795
18 0
18 1
18 3
18 4
18 5
18 6
18 7
18 8
18 9
18 10
18 11
18 13
18 14
18 15
18 16
18 17
18 20
18 22
18 24
18 25
18 26
18 29
18 32
18 33
18 34
18 35
18 37
18 38
18 39
18 40
18 43
18 45
18 46
18 50
18 51
18 52
18 53
18 55
18 56
18 64
18 66
18 69
18 70
18 76
18 79
18 85
18 86
18 87
18 101
18 103
18 109
18 110
18 114
18 117
18 118
18 119
18 120
18 126
18 129
18 131
18 132
18 140
18 145
18 146
18 150
18 154
18 166
18 226
18 256
18 263
18 293
18 311
18 341
18 355
18 356
18 369
18 434
18 453
18 480
18 522
18 580
18 602
18 651
18 780
19 0
19 1
19 2
19 3
19 4
19 5
19 6
19 7
19 8
19 9
19 10
19 11
19 12
19 14
19 17
19 27
19 30
19 31
19 32
19 36
19 38
19 40
19 44
19 45
19 47
19 51
19 52
19 54
19 62
19 72
19 87
19 91
19 92
19 96
19 98
19 103
19 104
19 111
19 112
19 113
19 114
19 115
19 118
19 121
19 125
19 130
19 136
19 144
19 148
19 154
19 159
19 160
19 161
19 162
19 166
19 176
19 179
19 192
19 197
19 202
19 226
19 230
19 237
19 248
19 254
19 260
19 277
19 304
19 318
19 323
19 325
19 336
19 337
19 357
19 361
19 367
19 396
19 412
19 420
19 461
19 481
19 493
19 557
19 788
20 0
20 1
20 2
20 4
20 5
20 6
20 7
20 8
20 9
20 10
20 11
20 12
20 13
20 16
20 17
20 18
20 21
20 22
20 25
20 28
20 30
20 36
20 37
20 39
20 40
20 41
20 43
20 44
20 45
20 46
20 47
20 48
20 49
20 50
20 51
20 52
20 53
20 54
20 55
20 56
20 61
20 67
20 69
20 73
20 77
20 78
20 80
20 81
20 82
20 91
20 94
20 98
20 103
20 116
20 120
20 123
20 126
20 135
20 139
20 140
20 146
20 152
20 158
20 167
20 194
20 207
20 219
20 273
20 279
20 287
20 294
20 302
20 320
20 349
20 392
20 395
20 412
20 416
20 426
20 427
20 497
20 504
20 717
20 727
21 0
21 1
21 2
21 3
21 4
21 5
21 6
21 7
21 8
21 9
21 10
21 12
21 15
21 20
21 22
21 23
21 24
21 25
21 29
21 33
21 34
21 37
21 38
21 40
21 42
21 44
21 46
21 48
21 50
21 51
21 52
21 53
21 55
21 58
21 60
21 62
21 64
21 68
21 73
21 75
21 82
21 83
21 84
21 88
21 89
21 95
21 107
21 115
21 116
21 119
21 120
21 124
21 125
21 135
21 141
21 143
21 144
21 146
21 151
21 169
21 172
21 174
21 182
21 191
21 229
21 232
21 245
21 251
21 304
21 335
21 342
21 344
21 401
21 454
21 466
21 497
21 507
21 522
21 553
21 562
21 791
22 0
22 1
22 3
22 4
22 5
22 6
22 8
22 9
22 10
22 11
22 15
22 16
22 18
22 20
22 21
22 23
22 24
22 27
22 28
22 31
22 34
22 40
22 41
22 43
22 44
22 45
22 47
22 48
22 52
22 65
22 75
22 79
22 80
22 84
22 85
22 97
22 98
22 106
22 113
22 115
22 123
22 129
22 137
22 144
22 148
22 149
22 156
22 166
22 170
22 181
22 186
22 220
22 236
22 270
22 289
22 293
22 304
22 308
22 309
22 310
22 324
22 360
22 368
22 373
22 376
22 392
22 399
22 406
22 450
22 527
22 545
22 578
22 583
22 628
22 633
22 671
22 718
22 720
22 740
22 759
23 0
23 1
23 2
23 3
23 4
23 5
23 6
23 7
23 8
23 9
23 10
23 11
23 12
23 14
23 21
23 22
23 26
23 29
23 30
23 31
23 32
23 33
23 37
23 39
23 41
23 42
23 43
23 46
23 48
23 50
23 52
23 56
23 63
23 68
23 71
23 72
23 74
23 80
23 81
23 83
23 91
23 96
23 100
23 101
23 111
23 120
23 123
23 138
23 140
23 143
23 156
23 164
23 179
23 192
23 194
23 196
23 198
23 203
23 211
23 220
23 224
23 227
23 243
23 262
23 279
23 285
23 327
23 338
23 353
23 360
23 363
23 365
23 370
23 389
23 512
23 561
23 567
23 658
23 775
24 0
24 2
24 3
24 4
24 7
24 8
24 9
24 10
24 11
24 12
24 14
24 15
24 18
24 21
24 22
24 25
24 27
24 28
24 29
24 30
24 31
24 32
24 35
24 36
24 37
24 38
24 41
24 43
24 48
24 49
24 52
24 71
24 73
24 78
24 79
24 80
24 84
24 89
24 94
24 96
24 100
24 104
24 112
24 113
24 114
24 121
24 124
24 131
24 132
24 142
24 143
24 146
24 149
24 160
24 175
24 183
24 190
24 217
24 223
24 231
24 236
24 243
24 255
24 292
24 310
24 314
24 335
24 344
24 384
24 398
24 409
24 432
24 515
24 517
24 551
24 555
24 607
24 657
24 700
25 0
25 1
25 2
25 3
25 4
25 6
25 7
25 8
25 9
25 10
25 11
25 13
25 15
25 16
25 17
25 18
25 20
25 21
25 24
25 28
25 29
25 30
25 31
25 32
25 33
25 35
25 36
25 37
25 41
25 44
25 45
25 48
25 51
25 58
25 61
25 67
25 77
25 78
25 83
25 84
25 85
25 93
25 105
25 114
25 115
25 120
25 122
25 123
25 131
25 134
25 141
25 153
25 154
25 158
25 159
25 161
25 162
25 176
25 185
25 196
25 232
25 238
25 239
25 248
25 254
25 260
25 262
25 272
25 279
25 280
25 299
25 332
25 334
25 338
25 369
25 445
25 456
25 567
25 783
26 0
26 2
26 3
26 4
26 5
26 6
26 7
26 8
26 9
26 10
26 13
26 16
26 17
26 18
26 23
26 27
26 30
26 31
26 32
26 33
26 35
26 36
26 37
26 39
26 41
26 42
26 44
26 46
26 47
26 48
26 50
26 52
26 63
26 67
26 70
26 72
26 73
26 80
26 83
26 84
26 89
26 93
26 98
26 103
26 105
26 107
26 111
26 112
26 116
26 119
26 123
26 136
26 139
26 145
26 160
26 162
26 167
26 170
26 177
26 182
26 185
26 197
26 203
26 211
26 234
26 242
26 257
26 293
26 309
26 312
26 325
26 327
26 343
26 398
26 491
26 503
26 529
26 557
26 747
27 0
27 1
27 2
27 3
27 4
27 5
27 7
27 8
27 9
27 10
27 12
27 13
27 14
27 16
27 17
27 19
27 22
27 24
27 26
27 28
27 29
27 38
27 39
27 42
27 43
27 44
27 45
27 49
27 50
27 53
27 55
27 56
27 57
27 58
27 59
27 64
27 69
27 78
27 82
27 86
27 88
27 92
27 112
27 113
27 118
27 134
27 136
27 137
27 155
27 158
27 159
27 165
27 167
27 171
27 175
27 186
27 194
27 206
27 215
27 217
27 229
27 231
27 236
27 238
27 244
27 283
27 319
27 341
27 378
27 383
27 401
27 441
27 443
27 452
27 466
27 484
27 571
28 0
28 1
28 2
28 3
28 4
28 5
28 6
28 7
28 8
28 9
28 10
28 12
28 14
28 15
28 16
28 20
28 22
28 24
28 25
28 27
28 29
28 30
28 31
28 33
28 34
28 39
28 40
28 45
28 47
28 48
28 49
28 51
28 55
28 56
28 58
28 59
28 63
28 65
28 70
28 75
28 77
28 81
28 88
28 93
28 94
28 105
28 121
28 127
28 132
28 140
28 143
28 148
28 150
28 152
28 159
28 177
28 190
28 215
28 227
28 232
28 242
28 262
28 265
28 277
28 290
28 296
28 322
28 332
28 345
28 350
28 397
28 450
28 460
28 481
28 500
28 576
28 619
29 0
29 2
29 3
29 4
29 5
29 6
29 7
29 8
29 10
29 12
29 15
29 16
29 18
29 21
29 23
29 24
29 25
29 27
29 28
29 33
29 37
29 38
29 39
29 41
29 43
29 44
29 47
29 48
29 49
29 51
29 55
29 65
29 77
29 80
29 81
29 83
29 89
29 103
29 106
29 109
29 112
29 116
29 117
29 121
29 125
29 128
29 133
29 135
29 143
29 146
29 157
29 167
29 171
29 176
29 195
29 201
29 205
29 207
29 215
29 216
29 221
29 223
29 283
29 284
29 286
29 293
29 330
29 337
29 364
29 372
29 458
29 468
29 531
29 550
29 647
29 757
30 0
30 1
30 3
30 4
30 5
30 6
30 7
30 8
30 10
30 11
30 13
30 14
30 15
30 17
30 19
30 20
30 23
30 24
30 25
30 26
30 28
30 33
30 34
30 36
30 38
30 40
30 42
30 43
30 54
30 55
30 56
30 58
30 60
30 64
30 72
30 73
30 75
30 76
30 79
30 80
30 82
30 84
30 91
30 110
30 118
30 128
30 129
30 132
30 133
30 134
30 137
30 160
30 171
30 174
30 175
30 178
30 183
30 184
30 195
30 216
30 217
30 233
30 260
30 268
30 278
30 300
30 304
30 317
30 337
30 366
30 389
30 394
30 407
30 419
30 654
30 655
31 0
31 1
31 2
31 3
31 4
31 6
31 7
31 8
31 9
31 10
31 11
31 13
31 14
31 16
31 19
31 22
31 23
31 24
31 25
31 26
31 28
31 33
31 41
31 46
31 47
31 49
31 52
31 54
31 55
31 59
31 61
31 62
31 67
31 70
31 74
31 76
31 94
31 95
31 102
31 108
31 111
31 122
31 127
31 131
31 133
31 138
31 141
31 151
31 166
31 167
31 169
31 170
31 172
31 173
31 175
31 193
31 199
31 214
31 218
31 222
31 235
31 237
31 274
31 292
31 313
31 344
31 356
31 364
31 368
31 377
31 405
31 451
31 527
31 536
31 608
31 644
32 0
32 1
32 2
32 3
32 4
32 5
32 6
32 7
32 8
32 9
32 12
32 14
32 16
32 17
32 18
32 19
32 23
32 24
32 25
32 26
32 33
32 34
32 35
32 38
32 39
32 41
32 43
32 49
32 52
32 55
32 73
32 75
32 78
32 85
32 86
32 92
32 93
32 98
32 99
32 105
32 106
32 107
32 112
32 114
32 115
32 129
32 132
32 140
32 141
32 168
32 169
32 183
32 186
32 191
32 199
32 235
32 244
32 245
32 259
32 264
32 269
32 279
32 283
32 320
32 321
32 322
32 374
32 412
32 423
32 478
32 544
32 556
32 576
32 582
32 796
33 0
33 1
33 2
33 3
33 4
33 5
33 6
33 7
33 8
33 9
33 10
33 11
33 12
33 13
33 14
33 17
33 18
33 21
33 23
33 25
33 26
33 28
33 29
33 30
33 31
33 32
33 34
33 36
33 37
33 41
33 48
33 50
33 51
33 52
33 53
33 62
33 63
33 71
33 74
33 79
33 86
33 92
33 99
33 104
33 118
33 119
33 126
33 128
33 132
33 140
33 150
33 151
33 159
33 170
33 172
33 210
33 212
33 219
33 226
33 234
33 235
33 241
33 266
33 284
33 287
33 293
33 294
33 352
33 379
33 385
33 415
33 629
33 677
33 774
34 0
34 1
34 2
34 3
34 4
34 5
34 7
34 9
34 10
34 11
34 12
34 15
34 16
34 18
34 21
34 22
34 28
34 30
34 32
34 33
34 35
34 37
34 40
34 41
34 43
34 46
34 47
34 48
34 50
34 51
34 52
34 54
34 55
34 57
34 67
34 69
34 70
34 81
34 83
34 86
34 87
34 105
34 108
34 111
34 114
34 115
34 117
34 120
34 123
34 130
34 131
34 136
34 140
34 149
34 153
34 172
34 174
34 185
34 275
34 315
34 317
34 321
34 352
34 363
34 388
34 417
34 463
34 577
34 594
34 641
34 694
34 738
34 802
35 0
35 1
35 2
35 4
35 5
35 6
35 7
35 8
35 9
35 10
35 13
35 18
35 24
35 25
35 26
35 32
35 34
35 36
35 37
35 38
35 43
35 45
35 46
35 47
35 49
35 51
35 52
35 53
35 56
35 61
35 67
35 73
35 85
35 96
35 102
35 109
35 110
35 113
35 114
35 117
35 133
35 134
35 144
35 155
35 159
35 170
35 171
35 173
35 182
35 211
35 221
35 224
35 232
35 239
35 256
35 272
35 278
35 286
35 295
35 297
35 307
35 314
35 320
35 330
35 333
35 338
35 343
35 399
35 533
35 578
35 624
35 703
35 763
36 0
36 1
36 2
36 3
36 4
36 5
36 6
36 8
36 9
36 10
36 11
36 12
36 13
36 14
36 15
36 16
36 17
36 19
36 20
36 24
36 25
36 26
36 30
36 33
36 35
36 38
36 39
36 41
36 44
36 45
36 46
36 47
36 51
36 52
36 53
36 54
36 60
36 66
36 71
36 73
36 77
36 90
36 91
36 98
36 104
36 109
36 113
36 125
36 129
36 133
36 136
36 139
36 145
36 172
36 179
36 183
36 202
36 204
36 241
36 256
36 262
36 264
36 287
36 290
36 294
36 303
36 307
36 347
36 368
36 403
36 409
36 430
36 523
37 0
37 1
37 2
37 3
37 4
37 5
37 6
37 7
37 8
37 9
37 10
37 11
37 12
37 14
37 17
37 18
37 20
37 21
37 23
37 24
37 25
37 26
37 29
37 33
37 34
37 35
37 41
37 44
37 46
37 48
37 49
37 50
37 51
37 52
37 53
37 54
37 58
37 60
37 63
37 74
37 75
37 81
37 85
37 86
37 87
37 94
37 100
37 103
37 104
37 110
37 111
37 134
37 144
37 155
37 156
37 160
37 171
37 177
37 184
37 190
37 196
37 202
37 205
37 235
37 254
37 267
37 270
37 312
37 318
37 424
37 459
37 511
37 797
38 0
38 1
38 2
38 3
38 4
38 5
38 7
38 8
38 9
38 10
38 12
38 15
38 16
38 17
38 18
38 19
38 21
38 24
38 27
38 29
38 30
38 32
38 35
38 36
38 40
38 42
38 43
38 45
38 46
38 47
38 50
38 51
38 54
38 57
38 58
38 61
38 63
38 66
38 70
38 86
38 88
38 91
38 95
38 107
38 108
38 114
38 121
38 135
38 138
38 151
38 154
38 188
38 192
38 200
38 216
38 227
38 244
38 247
38 258
38 262
38 269
38 273
38 285
38 305
38 331
38 343
38 352
38 380
38 442
38 741
38 793
38 806
38 808
39 0
39 1
39 2
39 3
39 4
39 5
39 6
39 7
39 8
39 9
39 10
39 13
39 16
39 17
39 18
39 20
39 23
39 26
39 27
39 28
39 29
39 32
39 36
39 40
39 42
39 45
39 48
39 54
39 59
39 65
39 66
39 71
39 75
39 87
39 88
39 100
39 109
39 111
39 114
39 122
39 126
39 131
39 142
39 148
39 151
39 154
39 156
39 161
39 165
39 167
39 195
39 196
39 219
39 238
39 267
39 268
39 275
39 291
39 294
39 298
39 325
39 345
39 353
39 362
39 402
39 416
39 475
39 488
39 607
39 622
39 626
39 650
40 0
40 1
40 2
40 4
40 5
40 6
40 7
40 8
40 9
40 12
40 13
40 15
40 16
40 17
40 18
40 19
40 20
40 21
40 22
40 28
40 30
40 34
40 38
40 39
40 45
40 46
40 49
40 53
40 55
40 61
40 64
40 68
40 73
40 74
40 77
40 86
40 90
40 94
40 95
40 97
40 99
40 110
40 140
40 146
40 147
40 149
40 155
40 169
40 170
40 174
40 192
40 194
40 196
40 208
40 216
40 219
40 231
40 258
40 270
40 294
40 326
40 332
40 346
40 386
40 410
40 526
40 535
40 573
40 579
40 594
40 670
40 676
41 0
41 2
41 3
41 4
41 5
41 6
41 7
41 8
41 10
41 14
41 15
41 20
41 22
41 23
41 24
41 25
41 26
41 29
41 31
41 32
41 33
41 34
41 36
41 37
41 42
41 43
41 44
41 51
41 55
41 59
41 65
41 73
41 76
41 78
41 81
41 83
41 92
41 97
41 111
41 119
41 122
41 125
41 129
41 130
41 139
41 146
41 150
41 153
41 158
41 166
41 167
41 170
41 179
41 187
41 188
41 200
41 209
41 239
41 252
41 263
41 264
41 281
41 295
41 314
41 318
41 343
41 348
41 386
41 399
41 469
41 486
41 529
42 0
42 1
42 2
42 3
42 4
42 5
42 6
42 7
42 8
42 10
42 11
42 14
42 15
42 16
42 21
42 23
42 26
42 27
42 30
42 38
42 39
42 41
42 47
42 49
42 50
42 53
42 54
42 55
42 63
42 65
42 66
42 69
42 73
42 75
42 79
42 83
42 97
42 99
42 104
42 105
42 110
42 115
42 130
42 136
42 140
42 149
42 158
42 161
42 168
42 170
42 187
42 196
42 198
42 216
42 232
42 240
42 286
42 292
42 295
42 316
42 323
42 344
42 357
42 359
42 391
42 397
42 442
42 473
42 506
42 516
42 528
42 547
43 0
43 1
43 2
43 3
43 4
43 5
43 6
43 7
43 8
43 10
43 11
43 12
43 13
43 14
43 16
43 17
43 18
43 20
43 22
43 23
43 24
43 27
43 29
43 30
43 32
43 34
43 35
43 38
43 41
43 44
43 46
43 47
43 51
43 53
43 54
43 55
43 58
43 60
43 67
43 70
43 71
43 73
43 76
43 105
43 110
43 114
43 127
43 132
43 133
43 148
43 164
43 172
43 177
43 205
43 212
43 213
43 216
43 220
43 225
43 226
43 256
43 301
43 311
43 313
43 324
43 336
43 353
43 363
43 367
43 435
43 643
44 0
44 1
44 2
44 3
44 5
44 6
44 7
44 8
44 9
44 10
44 12
44 14
44 16
44 17
44 19
44 20
44 21
44 22
44 25
44 26
44 27
44 29
44 36
44 37
44 41
44 43
44 45
44 46
44 47
44 52
44 55
44 56
44 59
44 60
44 65
44 76
44 86
44 89
44 90
44 96
44 97
44 104
44 114
44 116
44 124
44 127
44 134
44 136
44 139
44 140
44 141
44 145
44 157
44 186
44 187
44 211
44 265
44 287
44 318
44 340
44 351
44 361
44 366
44 378
44 389
44 398
44 415
44 477
44 544
44 549
45 0
45 1
45 2
45 4
45 5
45 6
45 7
45 9
45 10
45 11
45 13
45 14
45 15
45 16
45 17
45 18
45 19
45 20
45 22
45 25
45 27
45 28
45 35
45 36
45 38
45 39
45 40
45 44
45 50
45 55
45 58
45 64
45 66
45 68
45 69
45 71
45 74
45 89
45 92
45 107
45 123
45 127
45 128
45 132
45 134
45 138
45 147
45 153
45 157
45 163
45 191
45 192
45 204
45 218
45 220
45 224
45 238
45 301
45 311
45 335
45 345
45 379
45 417
45 421
45 442
45 491
45 616
45 661
45 735
45 798
46 0
46 1
46 2
46 3
46 6
46 7
46 8
46 9
46 11
46 12
46 13
46 16
46 17
46 18
46 20
46 21
46 23
46 26
46 31
46 34
46 35
46 36
46 37
46 38
46 40
46 43
46 44
46 48
46 49
46 53
46 54
46 55
46 60
46 62
46 74
46 76
46 79
46 85
46 90
46 95
46 97
46 109
46 111
46 112
46 123
46 132
46 139
46 149
46 150
46 158
46 180
46 185
46 197
46 209
46 236
46 239
46 246
46 260
46 261
46 288
46 299
46 315
46 319
46 344
46 417
46 457
46 485
46 540
46 568
46 593
47 0
47 1
47 2
47 3
47 4
47 6
47 7
47 9
47 10
47 11
47 15
47 16
47 17
47 19
47 20
47 22
47 26
47 28
47 29
47 31
47 34
47 35
47 36
47 38
47 42
47 43
47 44
47 48
47 54
47 61
47 65
47 66
47 72
47 81
47 87
47 96
47 100
47 101
47 107
47 110
47 112
47 116
47 117
47 118
47 120
47 123
47 125
47 128
47 129
47 136
47 147
47 171
47 193
47 197
47 225
47 227
47 229
47 237
47 263
47 312
47 356
47 456
47 462
47 510
47 536
47 699
47 781
48 0
48 1
48 2
48 3
48 4
48 5
48 9
48 10
48 13
48 17
48 20
48 21
48 22
48 23
48 24
48 25
48 26
48 28
48 29
48 33
48 34
48 37
48 39
48 46
48 47
48 52
48 54
48 63
48 68
48 72
48 89
48 94
48 98
48 100
48 104
48 110
48 117
48 121
48 146
48 153
48 155
48 168
48 173
48 179
48 184
48 195
48 200
48 203
48 235
48 249
48 250
48 284
48 296
48 297
48 303
48 339
48 390
48 424
48 428
48 474
48 477
48 513
48 552
48 589
48 637
48 761
48 790
49 0
49 1
49 3
49 4
49 5
49 6
49 7
49 9
49 10
49 13
49 15
49 16
49 17
49 20
49 24
49 27
49 28
49 29
49 31
49 32
49 35
49 37
49 40
49 42
49 46
49 50
49 51
49 54
49 56
49 57
49 60
49 61
49 92
49 107
49 110
49 114
49 115
49 118
49 120
49 121
49 126
49 128
49 129
49 133
49 135
49 139
49 150
49 152
49 157
49 160
49 164
49 180
49 190
49 206
49 207
49 210
49 230
49 251
49 256
49 272
49 286
49 330
49 340
49 403
49 428
49 496
49 604
50 0
50 1
50 2
50 5
50 6
50 7
50 8
50 9
50 10
50 12
50 13
50 14
50 15
50 17
50 18
50 20
50 21
50 23
50 26
50 27
50 33
50 34
50 37
50 38
50 42
50 45
50 49
50 59
50 76
50 80
50 91
50 94
50 100
50 103
50 106
50 117
50 118
50 120
50 121
50 126
50 153
50 155
50 165
50 167
50 168
50 173
50 212
50 223
50 226
50 233
50 265
50 283
50 289
50 292
50 300
50 310
50 322
50 333
50 335
50 367
50 378
50 438
50 518
50 555
50 561
50 584
51 0
51 1
51 2
51 3
51 5
51 6
51 8
51 9
51 10
51 12
51 13
51 17
51 18
51 19
51 20
51 21
51 25
51 28
51 29
51 33
51 34
51 35
51 36
51 37
51 38
51 41
51 43
51 49
51 53
51 54
51 57
51 58
51 69
51 81
51 82
51 86
51 88
51 89
51 98
51 104
51 107
51 109
51 111
51 116
51 119
51 129
51 136
51 137
51 147
51 172
51 176
51 241
51 250
51 272
51 289
51 307
51 342
51 345
51 371
51 391
51 403
51 410
51 599
51 731
52 0
52 1
52 4
52 5
52 6
52 7
52 8
52 9
52 10
52 12
52 13
52 14
52 18
52 19
52 20
52 21
52 22
52 23
52 24
52 26
52 31
52 32
52 33
52 34
52 35
52 36
52 37
52 44
52 48
52 54
52 55
52 78
52 82
52 92
52 93
52 107
52 114
52 122
52 123
52 126
52 127
52 137
52 150
52 151
52 163
52 164
52 168
52 185
52 187
52 193
52 202
52 233
52 315
52 340
52 363
52 373
52 394
52 404
52 429
52 477
52 541
52 575
52 635
53 0
53 1
53 2
53 3
53 4
53 5
53 6
53 7
53 8
53 9
53 10
53 11
53 13
53 14
53 15
53 16
53 17
53 18
53 20
53 21
53 27
53 33
53 35
53 36
53 37
53 40
53 42
53 43
53 46
53 51
53 54
53 57
53 63
53 69
53 72
53 74
53 82
53 91
53 98
53 104
53 113
53 119
53 151
53 153
53 154
53 156
53 162
53 163
53 184
53 210
53 213
53 228
53 245
53 247
53 250
53 336
53 350
53 367
53 368
53 486
53 490
53 631
54 0
54 2
54 3
54 4
54 5
54 6
54 7
54 8
54 9
54 10
54 11
54 12
54 13
54 14
54 16
54 17
54 19
54 20
54 30
54 31
54 34
54 36
54 37
54 38
54 39
54 42
54 43
54 46
54 47
54 48
54 49
54 51
54 52
54 53
54 74
54 83
54 84
54 89
54 90
54 95
54 97
54 105
54 108
54 109
54 116
54 128
54 129
54 134
54 147
54 155
54 165
54 181
54 238
54 258
54 285
54 308
54 347
54 354
54 497
54 511
54 558
54 582
55 0
55 1
55 2
55 3
55 4
55 5
55 6
55 7
55 9
55 10
55 16
55 17
55 18
55 20
55 21
55 27
55 28
55 29
55 30
55 31
55 32
55 34
55 40
55 41
55 42
55 43
55 44
55 45
55 46
55 52
55 56
55 58
55 59
55 75
55 84
55 85
55 89
55 96
55 100
55 101
55 105
55 108
55 134
55 149
55 151
55 152
55 201
55 206
55 213
55 220
55 270
55 312
55 358
55 469
55 617
55 658
55 792
56 0
56 4
56 5
56 6
56 8
56 9
56 12
56 13
56 18
56 20
56 23
56 27
56 28
56 30
56 35
56 44
56 49
56 55
56 61
56 64
56 69
56 70
56 75
56 82
56 87
56 91
56 93
56 94
56 109
56 112
56 123
56 138
56 143
56 164
56 178
56 199
56 206
56 307
56 309
56 326
56 334
56 402
56 475
56 618
56 698
56 752
57 0
57 1
57 2
57 3
57 6
57 10
57 12
57 13
57 14
57 27
57 34
57 38
57 49
57 51
57 53
57 71
57 75
57 81
57 100
57 105
57 109
57 110
57 123
57 128
57 136
57 137
57 145
57 159
57 169
57 182
57 216
57 223
57 244
57 275
57 280
57 290
57 296
57 326
57 340
58 0
58 1
58 4
58 5
58 6
58 7
58 8
58 11
58 12
58 21
58 25
58 27
58 28
58 30
58 37
58 38
58 43
58 45
58 51
58 55
58 62
58 82
58 102
58 108
58 130
58 140
58 143
58 177
58 248
58 254
58 267
58 268
58 389
58 438
58 529
58 708
58 777
59 0
59 2
59 3
59 4
59 6
59 7
59 10
59 12
59 27
59 28
59 31
59 39
59 41
59 44
59 50
59 55
59 73
59 80
59 82
59 91
59 93
59 94
59 136
59 142
59 185
59 196
59 201
59 208
59 209
59 257
59 278
59 280
59 422
59 477
59 577
59 709
59 803
60 1
60 3
60 4
60 5
60 6
60 7
60 10
60 11
60 14
60 16
60 17
60 21
60 30
60 36
60 37
60 43
60 44
60 46
60 49
60 80
60 100
60 111
60 130
60 134
60 135
60 143
60 147
60 166
60 195
60 197
60 234
60 263
60 295
60 347
60 452
60 612
60 725
61 0
61 1
61 2
61 3
61 4
61 8
61 9
61 11
61 12
61 15
61 16
61 20
61 25
61 31
61 35
61 38
61 40
61 47
61 49
61 56
61 79
61 93
61 112
61 137
61 143
61 156
61 164
61 167
61 205
61 258
61 300
61 305
61 437
61 457
61 496
61 525
61 758
62 0
62 1
62 2
62 6
62 9
62 10
62 15
62 19
62 21
62 31
62 33
62 46
62 58
62 65
62 72
62 76
62 92
62 104
62 109
62 120
62 126
62 154
62 158
62 194
62 203
62 221
62 272
62 277
62 283
62 297
62 359
62 366
62 411
62 504
62 507
62 512
63 0
63 5
63 9
63 11
63 13
63 14
63 15
63 16
63 23
63 26
63 28
63 33
63 37
63 38
63 42
63 48
63 53
63 65
63 71
63 77
63 84
63 135
63 149
63 154
63 155
63 161
63 165
63 189
63 194
63 219
63 233
63 259
63 262
63 280
63 323
63 339
64 0
64 1
64 2
64 3
64 4
64 6
64 8
64 10
64 11
64 12
64 18
64 21
64 27
64 30
64 40
64 45
64 56
64 67
64 95
64 98
64 101
64 109
64 118
64 125
64 140
64 150
64 165
64 176
64 177
64 228
64 390
64 429
64 528
64 551
64 686
65 0
65 3
65 4
65 5
65 6
65 8
65 15
65 16
65 22
65 28
65 29
65 39
65 41
65 42
65 44
65 47
65 62
65 63
65 72
65 82
65 83
65 97
65 101
65 107
65 109
65 127
65 139
65 187
65 308
65 339
65 379
65 392
65 454
65 523
65 687
66 0
66 1
66 2
66 3
66 4
66 7
66 9
66 10
66 14
66 18
66 36
66 38
66 39
66 42
66 45
66 47
66 70
66 71
66 75
66 76
66 81
66 84
66 93
66 139
66 158
66 240
66 251
66 252
66 263
66 271
66 298
66 323
66 359
66 395
66 535
67 0
67 1
67 2
67 4
67 5
67 7
67 8
67 11
67 15
67 20
67 25
67 26
67 31
67 34
67 35
67 43
67 64
67 83
67 90
67 108
67 119
67 122
67 124
67 129
67 148
67 153
67 171
67 181
67 191
67 210
67 214
67 289
67 297
67 338
67 347
68 0
68 1
68 3
68 4
68 5
68 6
68 7
68 9
68 10
68 12
68 14
68 17
68 21
68 23
68 40
68 45
68 48
68 69
68 71
68 72
68 74
68 76
68 86
68 123
68 124
68 131
68 147
68 169
68 200
68 205
68 236
68 275
68 366
68 506
69 0
69 1
69 2
69 3
69 4
69 8
69 10
69 13
69 16
69 18
69 20
69 27
69 34
69 42
69 45
69 51
69 53
69 56
69 68
69 98
69 99
69 130
69 132
69 134
69 143
69 144
69 154
69 160
69 263
69 282
69 313
69 345
69 354
69 436
70 0
70 3
70 4
70 7
70 8
70 10
70 12
70 15
70 18
70 26
70 28
70 31
70 34
70 38
70 43
70 56
70 66
70 102
70 114
70 121
70 130
70 136
70 139
70 158
70 180
70 218
70 233
70 256
70 257
70 301
70 321
70 326
70 337
70 387
71 0
71 4
71 5
71 7
71 8
71 10
71 12
71 23
71 24
71 33
71 36
71 39
71 43
71 45
71 57
71 63
71 66
71 68
71 88
71 97
71 99
71 106
71 127
71 133
71 138
71 139
71 146
71 163
71 179
71 182
71 196
71 204
71 208
71 381
72 8
72 9
72 12
72 14
72 16
72 19
72 23
72 26
72 30
72 47
72 48
72 53
72 62
72 65
72 68
72 74
72 80
72 99
72 101
72 126
72 161
72 198
72 201
72 223
72 250
72 279
72 281
72 327
72 384
72 414
72 460
72 470
72 505
72 640
73 0
73 2
73 4
73 5
73 6
73 10
73 20
73 21
73 24
73 26
73 30
73 32
73 35
73 36
73 40
73 41
73 42
73 43
73 59
73 128
73 130
73 142
73 150
73 153
73 157
73 171
73 198
73 236
73 248
73 288
73 372
73 444
73 453
73 742
74 0
74 1
74 2
74 4
74 6
74 7
74 9
74 23
74 31
74 33
74 37
74 40
74 45
74 46
74 53
74 54
74 68
74 72
74 79
74 80
74 99
74 105
74 121
74 155
74 204
74 282
74 331
74 362
74 378
74 388
74 425
74 447
74 481
74 754
75 0
75 2
75 3
75 4
75 5
75 7
75 13
75 21
75 22
75 28
75 30
75 32
75 37
75 39
75 42
75 55
75 56
75 57
75 66
75 97
75 103
75 117
75 120
75 175
75 177
75 191
75 215
75 245
75 286
75 380
75 443
75 469
75 597
76 0
76 1
76 2
76 3
76 5
76 6
76 7
76 8
76 10
76 18
76 30
76 31
76 41
76 43
76 44
76 46
76 50
76 62
76 66
76 68
76 95
76 105
76 108
76 109
76 117
76 119
76 191
76 253
76 262
76 380
76 472
76 531
76 551
77 0
77 2
77 3
77 4
77 5
77 6
77 7
77 8
77 15
77 20
77 25
77 28
77 29
77 36
77 40
77 63
77 78
77 91
77 94
77 115
77 133
77 142
77 175
77 202
77 210
77 233
77 241
77 281
77 303
77 309
77 321
77 349
77 479
78 0
78 1
78 2
78 3
78 4
78 6
78 9
78 12
78 17
78 20
78 24
78 25
78 27
78 32
78 41
78 52
78 77
78 87
78 91
78 93
78 107
78 161
78 177
78 213
78 233
78 275
78 282
78 369
78 371
78 395
78 434
78 560
78 701
79 0
79 1
79 3
79 7
79 10
79 17
79 18
79 22
79 24
79 30
79 33
79 42
79 46
79 61
79 74
79 85
79 86
79 87
79 96
79 111
79 117
79 132
79 156
79 168
79 174
79 210
79 222
79 292
79 295
79 454
79 600
79 745
80 0
80 1
80 2
80 3
80 6
80 8
80 14
80 15
80 16
80 20
80 22
80 23
80 24
80 26
80 29
80 30
80 50
80 59
80 60
80 72
80 74
80 84
80 93
80 113
80 153
80 177
80 183
80 255
80 288
80 321
80 343
80 653
81 0
81 1
81 3
81 7
81 8
81 11
81 12
81 16
81 17
81 20
81 23
81 28
81 29
81 34
81 37
81 41
81 47
81 51
81 57
81 66
81 85
81 95
81 108
81 113
81 182
81 204
81 212
81 359
81 371
81 381
81 419
81 448
82 0
82 2
82 4
82 7
82 8
82 10
82 14
82 20
82 21
82 27
82 30
82 51
82 52
82 53
82 56
82 58
82 59
82 65
82 85
82 140
82 148
82 154
82 159
82 191
82 206
82 279
82 305
82 306
82 346
82 370
82 388
82 467
83 0
83 2
83 5
83 6
83 7
83 10
83 14
83 21
83 23
83 25
83 26
83 29
83 34
83 41
83 42
83 54
83 65
83 67
83 91
83 106
83 107
83 116
83 141
83 157
83 207
83 231
83 257
83 271
83 288
83 324
83 357
83 704
84 0
84 1
84 6
84 8
84 10
84 12
84 13
84 17
84 21
84 22
84 24
84 25
84 26
84 30
84 54
84 55
84 63
84 66
84 80
84 90
84 102
84 107
84 147
84 150
84 160
84 167
84 188
84 249
84 276
84 300
84 545
84 756
85 0
85 5
85 8
85 11
85 13
85 14
85 15
85 17
85 18
85 22
85 25
85 32
85 35
85 37
85 46
85 55
85 79
85 81
85 82
85 111
85 133
85 155
85 166
85 168
85 185
85 188
85 205
85 222
85 234
85 274
85 376
85 624
86 0
86 2
86 5
86 6
86 8
86 9
86 12
86 18
86 27
86 32
86 33
86 34
86 37
86 38
86 40
86 44
86 51
86 68
86 79
86 89
86 91
86 132
86 145
86 155
86 171
86 213
86 373
86 405
86 462
86 471
86 499
86 565
87 0
87 2
87 4
87 5
87 6
87 7
87 12
87 16
87 18
87 19
87 34
87 37
87 39
87 47
87 56
87 78
87 79
87 90
87 107
87 108
87 114
87 115
87 129
87 134
87 162
87 171
87 247
87 278
87 317
87 492
87 684
88 0
88 1
88 3
88 8
88 9
88 13
88 21
88 27
88 28
88 38
88 39
88 51
88 71
88 103
88 109
88 129
88 133
88 136
88 148
88 184
88 198
88 200
88 220
88 228
88 253
88 254
88 296
88 302
88 352
88 472
88 666
89 0
89 1
89 2
89 8
89 21
89 24
89 26
89 29
89 44
89 45
89 48
89 51
89 54
89 55
89 86
89 90
89 91
89 95
89 96
89 108
89 114
89 161
89 167
89 191
89 202
89 203
89 221
89 222
89 273
89 334
89 488
90 0
90 2
90 3
90 4
90 5
90 6
90 8
90 10
90 12
90 36
90 40
90 44
90 46
90 54
90 67
90 84
90 87
90 89
90 103
90 107
90 116
90 143
90 215
90 239
90 262
90 308
90 343
90 377
90 513
90 659
90 719
91 0
91 1
91 6
91 11
91 19
91 20
91 23
91 30
91 36
91 38
91 50
91 53
91 56
91 59
91 77
91 78
91 83
91 86
91 89
91 141
91 147
91 156
91 161
91 176
91 207
91 266
91 320
91 328
91 408
91 597
91 643
92 0
92 4
92 10
92 19
92 27
92 32
92 33
92 41
92 45
92 49
92 52
92 62
92 94
92 96
92 99
92 102
92 108
92 118
92 133
92 140
92 165
92 186
92 247
92 248
92 253
92 268
92 291
92 294
92 300
92 379
93 0
93 1
93 13
93 16
93 25
93 26
93 28
93 32
93 52
93 56
93 59
93 61
93 66
93 78
93 80
93 100
93 102
93 103
93 131
93 137
93 138
93 165
93 188
93 244
93 253
93 449
93 502
93 635
93 660
93 804
94 0
94 1
94 5
94 6
94 7
94 8
94 11
94 14
94 16
94 20
94 24
94 28
94 31
94 37
94 40
94 48
94 50
94 56
94 59
94 77
94 92
94 106
94 112
94 160
94 174
94 251
94 252
94 281
94 422
94 782
95 0
95 1
95 3
95 7
95 8
95 9
95 21
95 31
95 38
95 40
95 46
95 54
95 64
95 76
95 81
95 89
95 103
95 116
95 117
95 118
95 119
95 124
95 144
95 160
95 208
95 392
95 394
95 517
95 549
95 592
96 0
96 2
96 5
96 8
96 19
96 23
96 24
96 35
96 44
96 47
96 55
96 79
96 89
96 92
96 107
96 139
96 157
96 203
96 242
96 247
96 255
96 277
96 298
96 351
96 385
96 431
96 553
96 622
96 662
96 762
97 0
97 1
97 5
97 6
97 7
97 8
97 10
97 11
97 13
97 14
97 16
97 22
97 40
97 41
97 42
97 44
97 46
97 54
97 65
97 71
97 75
97 110
97 111
97 141
97 219
97 289
97 372
97 416
97 620
97 664
98 0
98 1
98 5
98 6
98 7
98 8
98 12
98 19
98 20
98 22
98 26
98 32
98 36
98 48
98 51
98 53
98 64
98 69
98 110
98 119
98 125
98 144
98 157
98 177
98 182
98 192
98 223
98 225
98 331
98 335
99 2
99 3
99 4
99 5
99 6
99 8
99 9
99 11
99 13
99 17
99 32
99 33
99 40
99 42
99 69
99 71
99 72
99 74
99 92
99 109
99 133
99 144
99 147
99 192
99 204
99 310
99 325
99 338
99 492
99 650
100 0
100 1
100 4
100 5
100 7
100 11
100 16
100 23
100 24
100 37
100 39
100 47
100 48
100 50
100 55
100 57
100 60
100 93
100 104
100 106
100 114
100 123
100 136
100 181
100 205
100 273
100 326
100 475
100 498
100 530
101 0
101 3
101 4
101 5
101 7
101 8
101 9
101 10
101 13
101 18
101 23
101 47
101 55
101 64
101 65
101 72
101 102
101 121
101 127
101 133
101 134
101 135
101 144
101 145
101 174
101 179
101 205
101 221
101 366
101 596
102 0
102 1
102 4
102 5
102 7
102 15
102 31
102 35
102 58
102 70
102 84
102 92
102 93
102 101
102 117
102 127
102 135
102 137
102 139
102 162
102 173
102 175
102 179
102 215
102 333
102 446
102 471
102 486
102 501
102 619
103 0
103 1
103 3
103 5
103 6
103 7
103 11
103 16
103 18
103 19
103 20
103 26
103 29
103 37
103 50
103 75
103 88
103 90
103 93
103 95
103 119
103 129
103 142
103 150
103 214
103 254
103 329
103 347
103 481
103 547
104 0
104 1
104 2
104 3
104 6
104 10
104 14
104 15
104 19
104 24
104 33
104 36
104 37
104 42
104 44
104 48
104 51
104 53
104 62
104 100
104 117
104 127
104 137
104 145
104 210
104 260
104 286
104 369
104 376
104 462
105 0
105 1
105 2
105 3
105 4
105 5
105 6
105 7
105 8
105 9
105 25
105 26
105 28
105 32
105 34
105 42
105 43
105 54
105 55
105 57
105 74
105 76
105 110
105 140
105 152
105 222
105 248
105 408
105 493
105 502
106 0
106 1
106 6
106 7
106 8
106 9
106 10
106 11
106 15
106 22
106 29
106 32
106 50
106 71
106 83
106 94
106 100
106 107
106 119
106 137
106 150
106 151
106 195
106 271
106 384
106 415
106 439
106 614
106 710
107 0
107 3
107 6
107 9
107 21
107 26
107 32
107 38
107 45
107 47
107 49
107 51
107 52
107 65
107 78
107 83
107 84
107 87
107 90
107 96
107 106
107 125
107 141
107 157
107 180
107 181
107 195
107 248
107 406
108 0
108 2
108 4
108 5
108 6
108 7
108 31
108 34
108 38
108 54
108 55
108 58
108 67
108 76
108 81
108 87
108 89
108 92
108 122
108 150
108 174
108 185
108 195
108 234
108 245
108 252
108 255
108 282
108 295
109 0
109 2
109 5
109 7
109 8
109 9
109 10
109 11
109 17
109 18
109 29
109 35
109 36
109 39
109 46
109 51
109 54
109 56
109 57
109 62
109 64
109 65
109 76
109 88
109 99
109 111
109 234
109 397
109 801
110 0
110 4
110 6
110 7
110 8
110 9
110 18
110 30
110 35
110 37
110 40
110 42
110 43
110 47
110 48
110 49
110 57
110 97
110 98
110 105
110 145
110 162
110 173
110 249
110 274
110 350
110 405
110 516
110 608
111 0
111 3
111 4
111 8
111 13
111 19
111 23
111 26
111 31
111 34
111 37
111 39
111 41
111 46
111 51
111 60
111 79
111 85
111 97
111 109
111 124
111 144
111 146
111 176
111 194
111 281
111 296
111 381
111 596
112 0
112 1
112 2
112 3
112 9
112 19
112 24
112 26
112 27
112 29
112 32
112 46
112 47
112 56
112 61
112 94
112 122
112 125
112 142
112 146
112 154
112 166
112 192
112 199
112 208
112 250
112 332
112 385
112 534
113 0
113 7
113 8
113 9
113 10
113 12
113 13
113 16
113 19
113 22
113 24
113 27
113 35
113 36
113 53
113 80
113 81
113 121
113 162
113 169
113 173
113 174
113 182
113 184
113 190
113 248
113 378
113 548
113 559
114 9
114 10
114 17
114 18
114 19
114 24
114 25
114 32
114 34
114 35
114 38
114 39
114 43
114 44
114 49
114 52
114 70
114 87
114 89
114 100
114 128
114 179
114 190
114 209
114 269
114 333
114 348
114 360
114 555
115 0
115 3
115 5
115 8
115 9
115 10
115 16
115 17
115 19
115 21
115 22
115 25
115 32
115 34
115 42
115 49
115 77
115 87
115 124
115 125
115 127
115 161
115 303
115 324
115 464
115 466
115 484
115 554
115 642
116 0
116 3
116 4
116 6
116 8
116 11
116 20
116 21
116 26
116 29
116 44
116 47
116 51
116 54
116 83
116 90
116 95
116 131
116 144
116 154
116 155
116 160
116 164
116 205
116 217
116 222
116 243
116 245
117 0
117 4
117 6
117 12
117 17
117 18
117 29
117 34
117 35
117 47
117 48
117 50
117 75
117 76
117 79
117 95
117 102
117 104
117 119
117 122
117 131
117 152
117 178
117 239
117 291
117 316
117 363
117 473
118 0
118 2
118 4
118 5
118 6
118 7
118 8
118 9
118 10
118 16
118 18
118 19
118 27
118 30
118 33
118 47
118 49
118 50
118 64
118 92
118 95
118 125
118 134
118 138
118 180
118 214
118 344
118 465
119 0
119 1
119 6
119 10
119 11
119 13
119 15
119 18
119 21
119 26
119 33
119 41
119 51
119 53
119 67
119 76
119 95
119 98
119 103
119 106
119 117
119 157
119 168
119 173
119 217
119 328
119 368
119 564
120 0
120 2
120 3
120 13
120 14
120 18
120 20
120 21
120 23
120 25
120 34
120 47
120 49
120 50
120 62
120 75
120 122
120 143
120 162
120 201
120 211
120 214
120 224
120 259
120 261
120 284
120 566
120 683
121 0
121 1
121 3
121 6
121 9
121 11
121 19
121 24
121 28
121 29
121 38
121 48
121 49
121 50
121 70
121 74
121 101
121 113
121 169
121 183
121 224
121 227
121 281
121 293
121 300
121 634
121 659
121 674
122 0
122 1
122 2
122 5
122 9
122 12
122 13
122 25
122 31
122 39
122 41
122 52
122 67
122 108
122 112
122 117
122 120
122 160
122 170
122 173
122 178
122 272
122 283
122 482
122 535
122 547
122 591
122 779
123 0
123 2
123 5
123 6
123 13
123 15
123 20
123 22
123 23
123 25
123 26
123 34
123 45
123 46
123 47
123 52
123 56
123 57
123 68
123 100
123 143
123 216
123 221
123 245
123 267
123 361
123 465
123 746
124 2
124 3
124 4
124 6
124 8
124 9
124 10
124 21
124 24
124 44
124 67
124 68
124 95
124 111
124 115
124 130
124 133
124 146
124 158
124 163
124 169
124 193
124 222
124 226
124 251
124 300
124 361
124 432
125 0
125 2
125 5
125 6
125 11
125 14
125 16
125 19
125 21
125 29
125 36
125 41
125 47
125 64
125 98
125 107
125 112
125 115
125 118
125 140
125 171
125 186
125 225
125 243
125 278
125 284
125 325
125 474
126 0
126 1
126 3
126 5
126 6
126 7
126 9
126 18
126 20
126 33
126 39
126 49
126 50
126 52
126 62
126 72
126 133
126 155
126 170
126 183
126 197
126 254
126 288
126 305
126 311
126 328
126 544
126 722
127 0
127 2
127 4
127 5
127 6
127 7
127 9
127 10
127 15
127 28
127 31
127 43
127 44
127 45
127 52
127 65
127 71
127 101
127 102
127 104
127 115
127 128
127 162
127 189
127 201
127 228
127 242
127 288
128 0
128 1
128 2
128 3
128 4
128 8
128 9
128 10
128 12
128 14
128 29
128 30
128 33
128 45
128 47
128 49
128 54
128 57
128 73
128 114
128 127
128 152
128 183
128 193
128 263
128 305
128 351
128 681
129 0
129 8
129 9
129 14
129 17
129 18
129 22
129 30
129 32
129 36
129 41
129 47
129 49
129 51
129 54
129 67
129 87
129 88
129 103
129 171
129 176
129 245
129 336
129 339
129 356
129 404
129 467
129 621
130 0
130 1
130 2
130 6
130 7
130 9
130 11
130 19
130 34
130 41
130 42
130 58
130 60
130 69
130 70
130 73
130 124
130 133
130 142
130 147
130 237
130 269
130 342
130 361
130 438
130 483
130 498
130 615
131 0
131 1
131 2
131 3
131 5
131 8
131 9
131 10
131 18
131 24
131 25
131 31
131 34
131 39
131 68
131 93
131 116
131 117
131 141
131 178
131 263
131 297
131 376
131 393
131 409
131 532
131 613
132 0
132 1
132 3
132 4
132 5
132 6
132 14
132 18
132 24
132 28
132 30
132 32
132 33
132 43
132 45
132 46
132 69
132 79
132 86
132 151
132 174
132 203
132 233
132 382
132 408
132 585
132 732
133 0
133 1
133 5
133 8
133 14
133 29
133 30
133 31
133 35
133 36
133 43
133 49
133 71
133 77
133 85
133 88
133 92
133 99
133 101
133 124
133 126
133 130
133 150
133 240
133 320
133 347
133 537
134 0
134 3
134 4
134 5
134 6
134 7
134 8
134 10
134 16
134 25
134 27
134 30
134 35
134 37
134 44
134 45
134 54
134 55
134 60
134 69
134 87
134 101
134 118
134 151
134 206
134 256
134 593
135 3
135 4
135 9
135 13
135 17
135 20
135 21
135 29
135 38
135 49
135 60
135 63
135 101
135 102
135 136
135 141
135 148
135 183
135 217
135 247
135 364
135 377
135 433
135 445
135 457
135 628
135 786
136 0
136 2
136 3
136 4
136 8
136 15
136 19
136 26
136 27
136 34
136 36
136 42
136 44
136 47
136 51
136 57
136 59
136 70
136 88
136 100
136 135
136 174
136 180
136 199
136 223
136 427
136 450
137 0
137 3
137 6
137 7
137 17
137 22
137 27
137 30
137 51
137 52
137 57
137 61
137 93
137 102
137 104
137 106
137 157
137 172
137 181
137 283
137 313
137 330
137 346
137 444
137 484
137 538
137 584
138 0
138 1
138 3
138 4
138 6
138 7
138 8
138 12
138 13
138 15
138 23
138 31
138 38
138 45
138 56
138 71
138 93
138 118
138 149
138 161
138 189
138 199
138 212
138 249
138 351
138 414
138 482
139 0
139 2
139 4
139 5
139 7
139 10
139 11
139 20
139 26
139 36
139 41
139 44
139 46
139 49
139 65
139 66
139 70
139 71
139 96
139 102
139 162
139 318
139 339
139 395
139 440
139 678
140 0
140 3
140 4
140 6
140 7
140 9
140 15
140 18
140 20
140 23
140 28
140 32
140 33
140 34
140 40
140 42
140 44
140 58
140 64
140 82
140 92
140 105
140 125
140 224
140 239
140 245
141 0
141 2
141 7
141 17
141 21
141 25
141 31
141 32
141 44
141 83
141 91
141 97
141 107
141 131
141 135
141 152
141 160
141 165
141 275
141 305
141 365
141 406
141 415
141 439
141 482
141 543
142 0
142 1
142 2
142 3
142 4
142 7
142 8
142 9
142 13
142 14
142 24
142 39
142 59
142 73
142 77
142 103
142 112
142 130
142 148
142 165
142 190
142 359
142 384
142 537
142 667
142 766
143 0
143 2
143 3
143 5
143 6
143 7
143 10
143 12
143 21
143 23
143 24
143 28
143 29
143 56
143 58
143 60
143 61
143 69
143 90
143 120
143 123
143 171
143 221
143 232
143 274
143 306
144 0
144 1
144 2
144 3
144 4
144 5
144 8
144 9
144 10
144 12
144 16
144 19
144 21
144 22
144 35
144 37
144 69
144 95
144 98
144 99
144 101
144 111
144 116
144 153
144 364
145 1
145 2
145 3
145 4
145 5
145 10
145 14
145 17
145 18
145 26
145 36
145 44
145 57
145 86
145 101
145 104
145 110
145 146
145 196
145 329
145 404
145 455
145 543
145 561
145 688
146 0
146 1
146 2
146 4
146 5
146 13
146 18
146 20
146 21
146 24
146 29
146 40
146 41
146 48
146 71
146 111
146 112
146 124
146 145
146 176
146 203
146 215
146 267
146 334
146 645
147 0
147 2
147 4
147 5
147 6
147 7
147 9
147 14
147 40
147 45
147 47
147 51
147 54
147 60
147 68
147 84
147 91
147 99
147 130
147 274
147 376
147 408
147 476
147 527
147 571
148 0
148 2
148 3
148 6
148 8
148 12
148 19
148 22
148 28
148 39
148 43
148 67
148 82
148 88
148 135
148 142
148 156
148 157
148 173
148 199
148 260
148 307
148 396
148 572
148 736
149 0
149 1
149 2
149 3
149 4
149 5
149 6
149 7
149 9
149 14
149 22
149 24
149 34
149 40
149 42
149 46
149 55
149 63
149 138
149 170
149 174
149 304
149 341
149 362
149 385
150 0
150 2
150 6
150 8
150 15
150 16
150 18
150 28
150 33
150 41
150 46
150 49
150 52
150 64
150 73
150 84
150 103
150 106
150 108
150 133
150 174
150 207
150 267
150 603
150 629
151 0
151 2
151 3
151 5
151 6
151 9
151 16
151 17
151 21
151 31
151 33
151 38
151 39
151 52
151 53
151 55
151 106
151 132
151 134
151 221
151 240
151 299
151 424
151 539
151 542
152 4
152 6
152 9
152 11
152 12
152 15
152 20
152 28
152 49
152 55
152 105
152 117
152 128
152 141
152 154
152 156
152 159
152 185
152 219
152 241
152 290
152 366
152 601
152 605
153 0
153 1
153 3
153 4
153 7
153 8
153 9
153 25
153 34
153 41
153 45
153 48
153 50
153 53
153 67
153 73
153 80
153 144
153 164
153 166
153 196
153 199
153 281
153 358
154 0
154 1
154 3
154 4
154 6
154 10
154 18
154 19
154 25
154 38
154 39
154 53
154 62
154 63
154 69
154 82
154 112
154 116
154 152
154 163
154 255
154 285
154 362
154 410
155 0
155 1
155 2
155 6
155 7
155 12
155 15
155 17
155 27
155 35
155 37
155 40
155 48
155 50
155 54
155 63
155 74
155 85
155 86
155 116
155 126
155 228
155 285
155 289
156 0
156 1
156 2
156 3
156 7
156 10
156 12
156 22
156 23
156 37
156 39
156 53
156 61
156 79
156 91
156 148
156 152
156 185
156 211
156 239
156 268
156 354
156 546
157 0
157 3
157 5
157 7
157 8
157 10
157 12
157 15
157 29
157 44
157 45
157 49
157 73
157 83
157 96
157 98
157 107
157 119
157 137
157 148
157 299
157 383
157 691
158 0
158 1
158 2
158 4
158 6
158 12
158 13
158 20
158 25
158 27
158 41
158 42
158 46
158 62
158 66
158 70
158 124
158 176
158 327
158 379
158 509
158 636
158 734
159 1
159 4
159 5
159 6
159 13
159 14
159 15
159 17
159 19
159 25
159 27
159 28
159 33
159 35
159 57
159 82
159 152
159 169
159 221
159 271
159 276
159 419
159 784
160 2
160 4
160 5
160 7
160 15
160 19
160 24
160 26
160 30
160 37
160 49
160 69
160 84
160 94
160 95
160 116
160 122
160 141
160 204
160 235
160 292
160 412
160 713
161 0
161 1
161 3
161 4
161 5
161 6
161 9
161 19
161 25
161 39
161 42
161 63
161 72
161 78
161 89
161 91
161 115
161 138
161 181
161 305
161 341
161 623
162 0
162 1
162 4
162 6
162 7
162 8
162 9
162 10
162 19
162 25
162 26
162 53
162 87
162 102
162 110
162 113
162 120
162 127
162 139
162 258
162 260
162 452
163 0
163 1
163 2
163 3
163 4
163 5
163 6
163 9
163 10
163 13
163 45
163 52
163 53
163 71
163 124
163 154
163 169
163 175
163 202
163 227
163 359
163 648
164 0
164 3
164 7
164 10
164 15
164 23
164 43
164 49
164 52
164 56
164 61
164 116
164 153
164 177
164 185
164 208
164 244
164 315
164 356
164 401
164 572
165 0
165 1
165 6
165 7
165 8
165 10
165 12
165 27
165 39
165 50
165 54
165 63
165 64
165 92
165 93
165 141
165 142
165 196
165 323
165 329
165 362
166 0
166 3
166 5
166 7
166 11
166 13
166 16
166 18
166 19
166 22
166 31
166 41
166 60
166 85
166 112
166 153
166 188
166 218
166 264
166 291
166 292
167 3
167 5
167 8
167 10
167 11
167 17
167 20
167 26
167 27
167 29
167 31
167 39
167 41
167 50
167 61
167 84
167 89
167 182
167 189
167 225
167 364
168 0
168 1
168 4
168 8
168 12
168 14
168 32
168 42
168 48
168 50
168 52
168 79
168 85
168 119
168 169
168 229
168 285
168 287
168 358
168 360
168 367
169 0
169 9
169 12
169 21
169 31
169 32
169 40
169 57
169 68
169 113
169 121
169 124
169 159
169 163
169 168
169 252
169 316
169 376
169 417
169 426
170 0
170 1
170 6
170 7
170 13
170 17
170 22
170 26
170 31
170 33
170 35
170 40
170 41
170 42
170 122
170 126
170 149
170 198
170 237
170 284
171 0
171 27
171 29
171 30
171 35
171 37
171 47
171 67
171 73
171 86
171 87
171 125
171 129
171 143
171 177
171 303
171 333
171 375
171 381
172 3
172 5
172 8
172 10
172 21
172 31
172 33
172 34
172 36
172 43
172 51
172 137
172 175
172 193
172 319
172 325
172 333
172 518
173 1
173 6
173 7
173 9
173 14
173 31
173 35
173 48
173 50
173 102
173 110
173 113
173 119
173 122
173 148
173 215
173 247
173 639
174 0
174 3
174 5
174 8
174 9
174 21
174 30
174 34
174 40
174 79
174 94
174 101
174 108
174 113
174 132
174 136
174 149
174 150
175 4
175 6
175 12
175 24
175 27
175 30
175 31
175 75
175 77
175 102
175 163
175 172
175 197
175 336
175 372
175 419
175 465
176 0
176 7
176 9
176 15
176 19
176 25
176 29
176 51
176 64
176 91
176 111
176 129
176 146
176 158
176 177
176 251
176 276
177 0
177 1
177 26
177 28
177 37
177 43
177 58
177 64
177 75
177 78
177 80
177 98
177 164
177 171
177 176
177 191
177 570
178 0
178 3
178 10
178 13
178 14
178 15
178 30
178 56
178 117
178 122
178 131
178 210
178 240
178 267
178 387
178 739
179 0
179 9
179 11
179 13
179 19
179 23
179 36
179 41
179 48
179 71
179 101
179 102
179 114
179 216
179 301
179 524
180 0
180 7
180 9
180 14
180 46
180 49
180 70
180 107
180 118
180 136
180 187
180 223
180 404
180 542
180 581
181 0
181 3
181 5
181 6
181 22
181 54
181 67
181 100
181 107
181 137
181 161
181 187
181 193
181 326
181 521
182 2
182 3
182 5
182 10
182 15
182 21
182 26
182 35
182 57
182 71
182 81
182 98
182 113
182 167
182 298
183 0
183 1
183 2
183 5
183 10
183 12
183 24
183 30
183 32
183 36
183 80
183 121
183 126
183 128
183 135
184 2
184 4
184 5
184 9
184 16
184 30
184 37
184 48
184 53
184 88
184 113
184 212
184 266
184 304
184 536
185 0
185 5
185 7
185 25
185 26
185 34
185 46
185 52
185 59
185 85
185 108
185 152
185 156
185 164
186 0
186 3
186 10
186 12
186 17
186 22
186 27
186 32
186 44
186 92
186 125
186 230
186 270
186 633
187 0
187 3
187 4
187 5
187 8
187 41
187 42
187 44
187 52
187 65
187 180
187 181
187 258
187 289
188 0
188 5
188 9
188 38
188 41
188 84
188 85
188 93
188 166
188 211
188 259
188 273
188 276
188 297
189 0
189 1
189 2
189 3
189 5
189 7
189 8
189 9
189 10
189 63
189 127
189 138
189 167
189 341
190 3
190 6
190 7
190 12
190 16
190 24
190 28
190 37
190 49
190 113
190 114
190 142
190 205
190 431
191 9
191 11
191 12
191 21
191 32
191 45
191 67
191 75
191 76
191 82
191 89
191 177
191 230
191 625
192 0
192 1
192 2
192 7
192 16
192 19
192 23
192 38
192 40
192 45
192 98
192 99
192 112
192 407
193 0
193 3
193 4
193 15
193 31
193 47
193 52
193 124
193 128
193 172
193 181
193 261
193 349
193 590
194 0
194 4
194 6
194 8
194 17
194 20
194 23
194 27
194 40
194 62
194 63
194 111
194 277
194 476
195 0
195 13
195 29
195 30
195 39
195 48
195 60
195 106
195 107
195 108
195 201
195 299
195 341
195 425
196 10
196 23
196 25
196 37
196 39
196 40
196 42
196 59
196 71
196 145
196 153
196 165
196 240
196 557
197 3
197 4
197 8
197 10
197 19
197 26
197 46
197 47
197 60
197 126
197 175
197 217
197 266
197 534
198 0
198 10
198 14
198 17
198 23
198 42
198 72
198 73
198 88
198 170
198 273
198 353
198 362
199 0
199 3
199 31
199 32
199 56
199 112
199 136
199 138
199 148
199 153
199 217
199 218
199 647
200 0
200 1
200 2
200 5
200 17
200 38
200 41
200 48
200 68
200 88
200 278
200 351
200 420
201 0
201 8
201 13
201 15
201 29
201 55
201 59
201 72
201 120
201 127
201 195
201 244
201 265
202 1
202 4
202 5
202 14
202 19
202 36
202 37
202 52
202 77
202 89
202 163
202 215
202 246
203 0
203 2
203 7
203 8
203 23
203 26
203 48
203 62
203 89
203 96
203 132
203 146
203 503
204 0
204 2
204 3
204 7
204 9
204 36
204 45
204 71
204 74
204 81
204 99
204 160
204 293
205 0
205 7
205 29
205 37
205 43
205 61
205 68
205 85
205 100
205 101
205 116
205 190
205 524
206 6
206 11
206 13
206 27
206 49
206 55
206 56
206 82
206 134
206 231
206 239
206 277
206 306
207 0
207 2
207 5
207 6
207 7
207 20
207 29
207 49
207 83
207 91
207 150
207 284
207 461
208 0
208 3
208 5
208 9
208 15
208 40
208 59
208 71
208 95
208 112
208 164
208 436
208 566
209 0
209 1
209 2
209 6
209 12
209 41
209 46
209 59
209 114
209 210
209 254
209 445
209 574
210 0
210 7
210 15
210 33
210 49
210 53
210 67
210 77
210 79
210 104
210 178
210 209
210 427
211 0
211 4
211 10
211 15
211 23
211 26
211 35
211 44
211 120
211 156
211 188
211 303
211 441
212 0
212 4
212 33
212 43
212 50
212 81
212 138
212 184
212 248
212 304
212 315
212 353
212 639
213 1
213 2
213 3
213 4
213 9
213 12
213 13
213 43
213 53
213 55
213 78
213 86
213 463
214 1
214 8
214 10
214 16
214 17
214 31
214 67
214 103
214 118
214 120
214 386
214 400
214 716
215 1
215 15
215 27
215 28
215 29
215 75
215 90
215 102
215 146
215 173
215 202
215 232
216 0
216 1
216 2
216 29
216 30
216 38
216 40
216 42
216 43
216 57
216 123
216 179
217 0
217 10
217 17
217 24
217 27
217 30
217 116
217 119
217 135
217 197
217 199
217 336
218 0
218 4
218 6
218 31
218 45
218 70
218 166
218 199
218 238
218 293
218 430
218 446
219 0
219 7
219 8
219 20
219 33
219 39
219 40
219 63
219 97
219 152
219 395
219 460
220 0
220 3
220 5
220 8
220 12
220 22
220 23
220 43
220 45
220 55
220 88
220 377
221 0
221 5
221 9
221 29
221 35
221 62
221 89
221 101
221 123
221 143
221 151
221 159
222 1
222 2
222 11
222 16
222 31
222 79
222 85
222 89
222 105
222 116
222 124
222 346
223 0
223 2
223 4
223 11
223 24
223 29
223 50
223 57
223 72
223 98
223 136
223 180
224 0
224 1
224 5
224 11
224 23
224 35
224 45
224 120
224 121
224 140
224 264
224 322
225 0
225 5
225 8
225 9
225 10
225 43
225 47
225 98
225 125
225 167
225 351
225 446
226 2
226 3
226 4
226 18
226 19
226 33
226 43
226 50
226 124
226 487
226 525
226 750
227 0
227 1
227 3
227 9
227 23
227 28
227 38
227 47
227 121
227 163
227 319
227 682
228 0
228 3
228 4
228 14
228 53
228 64
228 88
228 127
228 155
228 343
228 369
228 517
229 0
229 1
229 4
229 7
229 21
229 27
229 47
229 168
229 273
229 382
229 471
229 726
230 1
230 2
230 7
230 10
230 11
230 15
230 19
230 49
230 186
230 191
230 349
230 620
231 1
231 4
231 9
231 15
231 24
231 27
231 40
231 83
231 206
231 321
231 346
231 416
232 6
232 7
232 21
232 25
232 28
232 35
232 42
232 143
232 215
232 346
232 356
232 510
233 2
233 4
233 13
233 30
233 50
233 52
233 63
233 70
233 77
233 78
233 132
233 242
234 1
234 7
234 9
234 15
234 26
234 33
234 60
234 85
234 108
234 109
234 274
234 362
235 0
235 4
235 16
235 17
235 31
235 32
235 33
235 37
235 48
235 160
235 321
235 400
236 0
236 4
236 8
236 15
236 22
236 24
236 27
236 46
236 68
236 73
236 403
236 768
237 0
237 1
237 4
237 5
237 8
237 9
237 19
237 31
237 47
237 130
237 170
237 250
238 1
238 3
238 5
238 7
238 13
238 25
238 27
238 39
238 45
238 54
238 218
238 319
239 1
239 4
239 25
239 35
239 41
239 46
239 90
239 117
239 140
239 156
239 206
240 1
240 6
240 10
240 42
240 66
240 133
240 151
240 178
240 196
240 290
240 448
241 9
241 13
241 17
241 33
241 36
241 51
241 77
241 152
241 276
241 390
241 407
242 1
242 2
242 17
242 26
242 28
242 96
242 127
242 233
242 285
242 369
242 393
243 0
243 1
243 2
243 8
243 12
243 23
243 24
243 116
243 125
243 331
243 448
244 0
244 5
244 9
244 27
244 32
244 38
244 57
244 93
244 164
244 201
244 297
245 21
245 32
245 53
245 75
245 108
245 116
245 123
245 129
245 140
245 379
245 411
246 0
246 3
246 4
246 8
246 13
246 14
246 17
246 46
246 202
246 355
246 562
247 0
247 2
247 9
247 38
247 53
247 87
247 92
247 96
247 135
247 173
247 705
248 3
248 6
248 19
248 25
248 58
248 73
248 92
248 105
248 107
248 113
248 212
249 3
249 9
249 13
249 16
249 48
249 84
249 110
249 138
249 353
249 365
249 388
250 1
250 7
250 10
250 14
250 48
250 51
250 53
250 72
250 112
250 237
250 474
251 5
251 10
251 13
251 21
251 49
251 66
251 94
251 124
251 176
251 374
251 383
252 2
252 16
252 41
252 66
252 94
252 108
252 169
252 261
252 350
252 353
252 587
253 0
253 3
253 76
253 88
253 92
253 93
253 380
253 459
253 505
253 724
253 778
254 0
254 7
254 9
254 19
254 25
254 37
254 58
254 88
254 103
254 126
254 209
255 0
255 1
255 5
255 6
255 7
255 10
255 24
255 80
255 96
255 108
255 154
256 8
256 11
256 16
256 18
256 35
256 36
256 43
256 49
256 70
256 134
256 271
257 0
257 3
257 6
257 8
257 10
257 12
257 13
257 26
257 59
257 70
257 83
258 0
258 7
258 9
258 38
258 40
258 54
258 61
258 162
258 187
258 317
258 697
259 3
259 7
259 11
259 12
259 32
259 63
259 120
259 188
259 274
259 433
259 473
260 0
260 1
260 6
260 9
260 19
260 25
260 30
260 46
260 104
260 148
260 162
261 2
261 3
261 5
261 14
261 17
261 46
261 120
261 193
261 252
261 287
261 391
262 0
262 9
262 23
262 25
262 28
262 36
262 38
262 63
262 76
262 90
263 0
263 5
263 18
263 41
263 47
263 60
263 66
263 69
263 128
263 131
264 0
264 3
264 8
264 15
264 32
264 36
264 41
264 166
264 224
264 291
265 0
265 5
265 6
265 7
265 10
265 28
265 44
265 50
265 201
265 467
266 0
266 5
266 10
266 14
266 33
266 91
266 184
266 197
266 306
266 453
267 0
267 4
267 11
267 37
267 39
267 58
267 123
267 146
267 150
267 178
268 4
268 5
268 11
268 15
268 30
268 39
268 58
268 92
268 156
268 458
269 1
269 4
269 5
269 9
269 32
269 38
269 114
269 130
269 312
269 552
270 1
270 2
270 9
270 22
270 37
270 40
270 55
270 186
270 316
270 632
271 0
271 4
271 5
271 6
271 16
271 66
271 83
271 106
271 159
271 256
272 2
272 3
272 4
272 25
272 35
272 49
272 51
272 62
272 122
272 453
273 2
273 3
273 20
273 38
273 89
273 100
273 188
273 198
273 229
273 773
274 0
274 3
274 15
274 31
274 85
274 110
274 143
274 147
274 234
274 259
275 0
275 3
275 16
275 34
275 39
275 57
275 68
275 78
275 141
275 332
276 0
276 2
276 8
276 84
276 159
276 176
276 188
276 241
276 288
276 509
277 0
277 11
277 17
277 19
277 28
277 62
277 96
277 194
277 206
277 324
278 1
278 3
278 5
278 30
278 35
278 59
278 87
278 125
278 200
278 637
279 0
279 1
279 10
279 20
279 23
279 25
279 32
279 72
279 82
279 305
280 0
280 4
280 7
280 10
280 25
280 57
280 59
280 63
280 358
280 526
281 8
281 16
281 41
281 72
281 77
281 94
281 111
281 121
281 153
281 295
282 1
282 5
282 6
282 13
282 69
282 74
282 78
282 108
282 317
282 334
283 3
283 4
283 8
283 27
283 29
283 32
283 50
283 62
283 122
283 137
284 0
284 29
284 33
284 48
284 120
284 125
284 170
284 207
284 487
284 715
285 1
285 11
285 23
285 38
285 54
285 154
285 155
285 168
285 242
285 364
286 0
286 1
286 3
286 9
286 29
286 35
286 42
286 49
286 75
286 104
287 0
287 2
287 17
287 20
287 33
287 36
287 44
287 168
287 261
287 417
288 6
288 9
288 46
288 73
288 80
288 83
288 126
288 127
288 276
288 348
289 14
289 22
289 50
289 51
289 67
289 97
289 155
289 187
289 468
289 514
290 0
290 2
290 11
290 16
290 28
290 36
290 57
290 152
290 240
290 424
291 7
291 8
291 14
291 17
291 39
291 92
291 117
291 166
291 264
291 626
292 8
292 24
292 31
292 42
292 50
292 79
292 160
292 166
292 319
292 487
293 2
293 13
293 18
293 22
293 26
293 29
293 33
293 121
293 204
293 218
294 0
294 6
294 8
294 20
294 33
294 36
294 39
294 40
294 92
294 749
295 0
295 6
295 8
295 35
295 41
295 42
295 60
295 79
295 108
295 281
296 0
296 10
296 28
296 48
296 57
296 88
296 111
296 334
296 454
297 1
297 11
297 35
297 48
297 62
297 67
297 131
297 188
297 244
298 3
298 11
298 39
298 66
298 96
298 182
298 370
298 400
298 472
299 1
299 7
299 10
299 11
299 25
299 46
299 151
299 157
299 195
300 30
300 50
300 61
300 84
300 92
300 121
300 124
300 443
300 649
301 3
301 10
301 12
301 43
301 45
301 70
301 179
301 370
301 430
302 0
302 1
302 4
302 6
302 20
302 88
302 312
302 468
302 714
303 1
303 5
303 16
303 36
303 48
303 77
303 115
303 171
303 211
304 19
304 21
304 22
304 30
304 149
304 184
304 212
304 315
304 418
305 3
305 38
305 61
305 82
305 126
305 128
305 141
305 161
305 279
306 3
306 82
306 143
306 206
306 266
306 318
306 334
306 474
306 580
307 1
307 2
307 8
307 9
307 35
307 36
307 51
307 56
307 148
308 0
308 1
308 2
308 4
308 5
308 22
308 54
308 65
308 90
309 0
309 2
309 3
309 11
309 13
309 22
309 26
309 56
309 77
310 0
310 2
310 8
310 11
310 22
310 24
310 50
310 99
310 767
311 0
311 1
311 4
311 7
311 11
311 18
311 43
311 45
311 126
312 0
312 4
312 9
312 26
312 37
312 47
312 55
312 269
312 302
313 0
313 2
313 31
313 43
313 69
313 137
313 354
313 404
313 449
314 0
314 1
314 2
314 6
314 9
314 24
314 35
314 41
314 533
315 0
315 2
315 5
315 34
315 46
315 52
315 164
315 212
315 304
316 0
316 3
316 7
316 8
316 42
316 117
316 169
316 270
316 541
317 0
317 7
317 14
317 30
317 34
317 87
317 258
317 282
317 448
318 5
318 7
318 9
318 19
318 37
318 41
318 44
318 139
318 306
319 0
319 7
319 9
319 27
319 46
319 172
319 227
319 238
319 292
320 2
320 3
320 4
320 20
320 32
320 35
320 91
320 133
320 418
321 7
321 32
321 34
321 70
321 77
321 80
321 231
321 235
321 389
322 0
322 4
322 6
322 9
322 16
322 28
322 32
322 50
322 224
323 0
323 4
323 5
323 19
323 42
323 63
323 66
323 165
323 809
324 0
324 1
324 7
324 9
324 22
324 43
324 83
324 115
324 277
325 0
325 19
325 26
325 39
325 99
325 125
325 172
325 393
326 0
326 10
326 40
326 56
326 57
326 70
326 100
326 181
327 0
327 7
327 13
327 23
327 26
327 72
327 158
327 562
328 1
328 2
328 3
328 4
328 91
328 119
328 126
328 359
329 2
329 3
329 4
329 13
329 103
329 145
329 165
329 339
330 4
330 8
330 9
330 29
330 35
330 49
330 137
330 668
331 0
331 2
331 7
331 38
331 74
331 98
331 243
331 422
332 0
332 1
332 25
332 28
332 40
332 112
332 275
332 592
333 16
333 35
333 50
333 102
333 114
333 171
333 172
333 627
334 5
334 25
334 56
334 89
334 146
334 282
334 296
334 306
335 7
335 15
335 16
335 21
335 24
335 45
335 50
335 98
336 2
336 6
336 19
336 43
336 53
336 129
336 175
336 217
337 0
337 3
337 6
337 7
337 19
337 29
337 30
337 70
338 0
338 1
338 9
338 23
338 25
338 35
338 67
338 99
339 3
339 8
339 48
339 63
339 65
339 129
339 139
339 329
340 0
340 8
340 16
340 44
340 49
340 52
340 57
340 391
341 18
341 27
341 149
341 161
341 189
341 195
341 405
341 574
342 0
342 2
342 6
342 8
342 9
342 21
342 51
342 130
343 1
343 26
343 35
343 38
343 41
343 80
343 90
343 228
344 0
344 2
344 21
344 24
344 31
344 42
344 46
344 118
345 5
345 8
345 13
345 28
345 39
345 45
345 51
345 69
346 1
346 40
346 82
346 137
346 222
346 231
346 232
347 5
347 36
347 54
347 60
347 67
347 103
347 133
348 0
348 4
348 10
348 17
348 41
348 114
348 288
349 0
349 2
349 15
349 20
349 77
349 193
349 230
350 0
350 8
350 15
350 28
350 53
350 110
350 252
351 44
351 96
351 128
351 138
351 200
351 225
351 638
352 6
352 7
352 8
352 33
352 34
352 38
352 88
353 23
353 39
353 43
353 198
353 212
353 249
353 252
354 0
354 5
354 54
354 69
354 156
354 313
354 480
355 0
355 1
355 9
355 10
355 18
355 246
355 644
356 5
356 18
356 31
356 47
356 129
356 164
356 232
357 4
357 6
357 7
357 8
357 19
357 42
357 83
358 0
358 9
358 55
358 153
358 168
358 280
358 652
359 42
359 62
359 66
359 81
359 142
359 163
359 328
360 1
360 2
360 10
360 22
360 23
360 114
360 168
361 8
361 9
361 19
361 44
361 123
361 124
361 130
362 39
362 74
362 149
362 154
362 165
362 198
362 234
363 11
363 23
363 34
363 43
363 52
363 117
363 520
364 0
364 29
364 31
364 135
364 144
364 167
364 285
365 0
365 7
365 9
365 10
365 23
365 141
365 249
366 8
366 30
366 44
366 62
366 68
366 101
366 152
367 0
367 3
367 19
367 43
367 50
367 53
367 168
368 2
368 7
368 22
368 31
368 36
368 53
368 119
369 14
369 18
369 25
369 78
369 104
369 228
369 242
370 2
370 14
370 23
370 82
370 298
370 301
371 3
371 7
371 51
371 78
371 81
371 457
372 1
372 2
372 29
372 73
372 97
372 175
373 0
373 3
373 6
373 22
373 52
373 86
374 5
374 8
374 32
374 251
374 407
374 689
375 0
375 4
375 5
375 9
375 12
375 171
376 22
376 85
376 104
376 131
376 147
376 169
377 0
377 1
377 31
377 90
377 135
377 220
378 10
378 27
378 44
378 50
378 74
378 113
379 33
379 45
379 65
379 92
379 158
379 245
380 0
380 6
380 38
380 75
380 76
380 253
381 7
381 11
381 71
381 81
381 111
381 171
382 0
382 11
382 13
382 132
382 229
382 729
383 7
383 9
383 27
383 157
383 251
383 602
384 0
384 5
384 24
384 72
384 106
384 142
385 17
385 33
385 96
385 112
385 149
385 787
386 8
386 10
386 12
386 40
386 41
386 214
387 0
387 8
387 12
387 70
387 178
387 510
388 3
388 9
388 34
388 74
388 82
388 249
389 4
389 23
389 30
389 44
389 58
389 321
390 1
390 3
390 5
390 48
390 64
390 241
391 6
391 42
391 51
391 261
391 340
391 640
392 0
392 14
392 20
392 22
392 65
392 95
393 0
393 8
393 131
393 242
393 325
394 0
394 12
394 30
394 52
394 95
395 20
395 66
395 78
395 139
395 219
396 6
396 19
396 148
396 398
396 420
397 0
397 2
397 28
397 42
397 109
398 10
398 24
398 26
398 44
398 396
399 0
399 4
399 22
399 35
399 41
400 0
400 214
400 235
400 298
400 427
401 10
401 21
401 27
401 164
401 556
402 2
402 14
402 16
402 39
402 56
403 9
403 36
403 49
403 51
403 236
404 52
404 129
404 145
404 180
404 313
405 7
405 31
405 86
405 110
405 341
406 0
406 6
406 22
406 107
406 141
407 6
407 30
407 192
407 241
407 374
408 7
408 91
408 105
408 132
408 147
409 10
409 15
409 24
409 36
409 131
410 0
410 1
410 40
410 51
410 154
411 0
411 8
411 12
411 62
411 245
412 9
412 19
412 20
412 32
412 160
413 0
413 3
413 7
413 8
413 13
414 0
414 3
414 9
414 72
414 138
415 5
415 33
415 44
415 106
415 141
416 17
416 20
416 39
416 97
416 231
417 34
417 45
417 46
417 169
417 287
418 2
418 304
418 320
418 435
418 591
419 2
419 30
419 81
419 159
419 175
420 3
420 19
420 200
420 396
420 579
421 4
421 10
421 11
421 45
421 664
422 0
422 13
422 59
422 94
422 331
423 0
423 1
423 10
423 15
423 32
424 0
424 37
424 48
424 151
424 290
425 2
425 3
425 8
425 74
425 195
426 4
426 12
426 16
426 20
426 169
427 10
427 20
427 136
427 210
427 400
428 5
428 6
428 48
428 49
429 0
429 6
429 52
429 64
430 1
430 36
430 218
430 301
431 2
431 4
431 96
431 190
432 1
432 11
432 24
432 124
433 6
433 8
433 135
433 259
434 3
434 8
434 18
434 78
435 0
435 12
435 43
435 418
436 2
436 4
436 69
436 208
437 0
437 5
437 6
437 61
438 0
438 50
438 58
438 130
439 0
439 106
439 141
439 468
440 7
440 13
440 14
440 139
441 0
441 7
441 27
441 211
442 38
442 42
442 45
442 495
443 15
443 27
443 75
443 300
444 1
444 73
444 137
444 479
445 3
445 25
445 135
445 209
446 9
446 102
446 218
446 225
447 3
447 8
447 10
447 74
448 81
448 240
448 243
448 317
449 9
449 10
449 93
449 313
450 6
450 22
450 28
450 136
451 5
451 10
451 13
451 31
452 10
452 27
452 60
452 162
453 18
453 73
453 266
453 272
454 21
454 65
454 79
454 296
455 1
455 2
455 8
455 145
456 2
456 10
456 25
456 47
457 46
457 61
457 135
457 371
458 1
458 7
458 29
458 268
459 7
459 12
459 37
459 253
460 3
460 28
460 72
460 219
461 0
461 4
461 19
461 207
462 0
462 47
462 86
462 104
463 0
463 6
463 34
463 213
464 8
464 11
464 115
464 466
465 3
465 118
465 123
465 175
466 21
466 27
466 115
466 464
467 82
467 129
467 265
467 685
468 29
468 289
468 302
468 439
469 5
469 41
469 55
469 75
470 0
470 3
470 4
470 72
471 9
471 86
471 102
471 229
472 4
472 76
472 88
472 298
473 9
473 42
473 117
473 259
474 48
474 125
474 250
474 306
475 5
475 39
475 56
475 100
476 0
476 147
476 194
476 483
477 44
477 48
477 52
477 59
478 0
478 2
478 10
478 32
479 0
479 10
479 77
479 444
480 0
480 8
480 18
480 354
481 19
481 28
481 74
481 103
482 0
482 122
482 138
482 141
483 1
483 13
483 130
483 476
484 0
484 27
484 115
484 137
485 0
485 3
485 6
485 46
486 41
486 53
486 102
486 612
487 8
487 226
487 284
487 292
488 0
488 39
488 89
489 2
489 3
489 7
490 3
490 10
490 53
491 10
491 26
491 45
492 87
492 99
492 526
493 7
493 19
493 105
494 0
494 9
494 10
495 3
495 4
495 442
496 9
496 49
496 61
497 20
497 21
497 54
498 4
498 100
498 130
499 0
499 1
499 86
500 6
500 8
500 28
501 4
501 5
501 102
502 0
502 93
502 105
503 17
503 26
503 203
504 8
504 20
504 62
505 14
505 72
505 253
506 10
506 42
506 68
507 7
507 21
507 62
508 0
508 9
508 14
509 10
509 158
509 276
510 47
510 232
510 387
511 4
511 37
511 54
512 7
512 23
512 62
513 2
513 48
513 90
514 0
514 2
514 289
515 0
515 5
515 24
516 11
516 42
516 110
517 24
517 95
517 228
518 9
518 50
518 172
519 0
519 2
519 15
520 8
520 363
520 616
521 5
521 8
521 181
522 5
522 18
522 21
523 0
523 36
523 65
524 1
524 179
524 205
525 10
525 61
525 226
526 40
526 280
526 492
527 22
527 31
527 147
528 14
528 42
528 64
529 26
529 41
529 58
530 5
530 7
530 100
531 15
531 29
531 76
532 0
532 10
532 131
533 1
533 35
533 314
534 7
534 112
534 197
535 40
535 66
535 122
536 31
536 47
536 184
537 6
537 133
537 142
538 0
538 11
538 137
539 0
539 7
539 151
540 0
540 2
540 46
541 0
541 52
541 316
542 0
542 151
542 180
543 2
543 141
543 145
544 32
544 44
544 126
545 6
545 22
545 84
546 6
546 16
546 156
547 42
547 103
547 122
548 4
548 113
548 721
549 3
549 44
549 95
550 0
550 4
550 29
551 24
551 64
551 76
552 0
552 48
552 269
553 0
553 21
553 96
554 0
554 17
554 115
555 24
555 50
555 114
556 11
556 32
556 401
557 19
557 26
557 196
558 6
558 10
558 54
559 3
559 9
559 113
560 6
560 16
560 78
561 23
561 50
561 145
562 21
562 246
562 327
563 2
563 6
563 7
564 0
564 119
565 0
565 86
566 120
566 208
567 23
567 25
568 6
568 46
569 0
569 1
570 14
570 177
571 27
571 147
572 148
572 164
573 1
573 40
574 209
574 341
575 12
575 52
576 28
576 32
577 34
577 59
578 22
578 35
579 40
579 420
580 18
580 306
581 2
581 180
582 32
582 54
583 0
583 22
584 50
584 137
585 10
585 132
586 4
586 8
587 5
587 252
588 0
588 6
589 9
589 48
590 193
590 657
591 122
591 418
592 95
592 332
593 46
593 134
594 34
594 40
595 8
595 14
596 101
596 111
597 75
597 91
598 6
598 672
599 4
599 51
600 6
600 79
601 10
601 152
602 18
602 383
603 0
603 150
604 49
604 638
605 10
605 152
606 5
606 11
607 24
607 39
608 31
608 110
609 1
609 9
610 0
610 1
611 10
611 636
612 60
612 486
613 12
613 131
614 0
614 106
615 130
615 755
616 45
616 520
617 14
617 55
618 4
618 56
619 28
619 102
620 97
620 230
621 11
621 129
622 39
622 96
623 0
623 161
624 35
624 85
625 2
625 191
626 39
626 291
627 5
627 333
628 22
628 135
629 33
629 150
630 4
630 5
631 0
631 53
632 2
632 270
633 22
633 186
634 1
634 121
635 52
635 93
636 158
636 611
637 48
637 278
638 351
638 604
639 173
639 212
640 72
640 391
641 8
641 34
642 10
642 115
643 43
643 91
644 31
644 355
645 10
645 146
646 0
646 3
647 29
647 199
648 0
648 163
649 7
649 300
650 39
650 99
651 0
651 18
652 1
652 358
653 0
653 80
654 6
654 30
655 15
655 30
656 2
656 5
657 24
657 590
658 23
658 55
659 90
659 121
660 0
660 93
661 11
661 45
662 15
662 96
663 3
663 17
664 97
664 421
665 5
666 88
667 142
668 330
669 1
670 40
671 22
672 598
673 0
674 121
675 8
676 40
677 33
678 139
679 5
680 0
681 128
682 227
683 120
684 87
685 467
686 64
687 65
688 145
689 374
690 9
691 157
692 11
693 10
694 34
695 4
696 0
697 258
698 56
699 47
700 24
701 78
702 9
703 35
704 83
705 247
706 0
707 2
708 58
709 59
710 106
711 6
712 9
713 160
714 302
715 284
716 214
717 20
718 22
719 90
720 22
721 548
722 126
723 4
724 253
725 60
726 229
727 20
728 771
729 382
730 2
731 51
732 132
733 10
734 158
735 45
736 148
737 5
738 34
739 178
740 22
741 38
742 73
743 0
744 0
745 79
746 123
747 26
748 2
749 294
750 226
751 17
752 56
753 9
754 74
755 615
756 84
757 29
758 61
759 22
760 14
761 48
762 96
763 35
764 6
765 8
766 142
767 310
768 236
769 0
770 9
771 728
772 4
773 273
774 33
775 23
776 10
777 58
778 253
779 122
780 18
781 47
782 94
783 25
784 159
785 17
786 135
787 385
788 19
789 0
790 48
791 21
792 55
793 38
794 13
795 17
796 32
797 37
798 45
799 0
800 13
801 109
802 34
803 59
804 93
805 5
806 38
807 9
808 38
809 323
